0
98.7
92
5944.95
5846.25
496700
496700
9
497862.2
496730.35
2
197.4
92
0
1
-94.25
52
1576.15
1670.4
301600
301600
14
302182.4
302098.45
6
-188.5
56
0
2
116.25
82
1993.2
1876.95
428600
428600
16
429283.7
429733.95
4
232.5
76
0
3
25.75
70
1895.5
1869.75
442700
442700
14
443720.2
443564.05
6
51.5
76
0
4
135.5
94
4137.4
4001.9
509800
509800
16
510871.4
510750.75
6
271
88
0
5
106.4
76
2178.55
2072.15
449000
449000
21
450158.3
449692.85
8
212.8
76
0
6
174.55
86
2426.4
2251.85
529900
529900
19
531344.4
530871.65
6
349.1
92
0
7
-30.85
88
2719.2
2750.05
438200
438200
25
438936.4
438894.2
14
-61.7
80
0
8
102.55
78
2626.8
2524.25
421300
421300
19
422203
422759.2
10
205.1
76
0
9
6.35
80
2383.7
2377.35
412300
412300
18
413270.2
413594.3
4
12.7
72
0
10
54
86
2338.85
2284.85
477900
477900
15
478865.9
478621.65
4
108
80
0
11
83.85
78
2044.2
1960.35
507300
507300
15
508289.3
507790.65
2
167.7
84
0