
Highcharts.chart('container', {

  title: {
    text: 'Solar Employment Growth by Sector, 2010-2016'
  },

  subtitle: {
    text: 'Source: thesolarfoundation.com'
  },

  yAxis: {
    title: {
      text: 'Number of Employees'
    }
  },

  xAxis: {
    accessibility: {
      rangeDescription: 'Range: 2010 to 2017'
    }
  },

  legend: {
    layout: 'vertical',
    align: 'right',
    verticalAlign: 'middle'
  },

  plotOptions: {
    series: {
      label: {
        connectorAllowed: false
      },
      pointStart: 2010
    }
  },

  series: [
    {
        "data": [
            1.0,
            0.9990466994433099,
            0.9962396188349432,
            1.0074148615968574,
            1.0074678119634852,
            1.0014829981803561,
            1.0053492800786687,
            1.0076796780824595,
            0.9995233173954237,
            0.9940681365834986,
            1.0030718970939685,
            0.9972459344107233,
            1.0059848784355911,
            0.9980403838675295,
            0.9966633510728912,
            0.9960807030825968,
            1.0248927496465932,
            1.0305598612299545,
            1.034161326642665,
            1.0235686672185826,
            1.0177427045353373,
            1.0227742177617765,
            1.016100855255097,
            1.025316481884541,
            1.0271172469171275,
            1.02102646774828,
            1.011863791485464,
            1.0228801831474947,
            1.006143729535475,
            1.0074678119634852,
            1.0214501353337664,
            1.0172130715641334,
            1.0171071708308774,
            1.0113341585142601,
            1.0167894039786474,
            1.0089508101438416,
            0.9913670213608499,
            0.9851702768062843,
            1.0161008552550972,
            1.0165245874930453,
            1.0079974449346891,
            1.0185371539921435,
            1.021132368481536,
            0.9439648704380813,
            0.9539748818718693,
            0.9649383231672719,
            0.9657327726240781,
            0.9636671911058896,
            0.9641968240770938,
            0.9637730918391456,
            0.9394629901828465,
            0.9477252516031381,
            0.951485632768195,
            0.9466659856607299,
            0.9536041646530113,
            0.9546104802287916,
            0.9577353276893883,
            0.9539748818718692,
            0.9573115954514402,
            0.9581060449082464,
            0.9582649606605925,
            0.969122436570277,
            0.9602245767930628,
            0.9522271318583732,
            0.9483078349409703,
            0.9609131255166132,
            0.9526507994438592,
            0.9313066294958107,
            0.937821076250144,
            0.9131401927225246,
            0.9026534986841604,
            0.9091149950718658,
            0.8960330865441091,
            0.8938085892735743,
            0.8670091738611385,
            0.84725383817424,
            0.8842751957919002,
            0.82829301659661,
            0.8214077879709565,
            0.8253800352549873,
            0.8549335162566996,
            0.856204648318082,
            0.8902600742274916,
            0.8970393374674269,
            0.8910545236842978,
            0.8904189253273755,
            0.8911604244175537,
            0.8831100291162362,
            0.9112335269566822,
            0.9154705907263151,
            0.9084264463483154,
            0.8988401025000133,
            0.8901541088417734,
            0.8909485582985796,
            0.8890948428993651,
            0.8880355769569569,
            0.874794752676854,
            0.882898162997262,
            0.8834277959684661,
            0.8729410372776397,
            0.8810444475980476,
            0.8750066187958282,
            0.8625072936059035,
            0.8809385468647917,
            0.8750066187958281,
            0.8580583637172964,
            0.8460357211319479,
            0.8548276155234438,
            0.8541390667998935,
            0.8545098486712137,
            0.8565754301894022,
            0.856469464803684,
            0.8575287307460921,
            0.8579524629840403,
            0.8567342812892859,
            0.8554631492279036,
            0.8544038832854953,
            0.8452942220417695,
            0.852232401034051,
            0.8587469124408466,
            0.8582702298362704,
            0.8729410372776395,
            0.879773315536665,
            0.8772840664329906,
            0.8767014830951585,
            0.8595413618976527,
            0.8478894365311622,
            0.8518087334485651,
            0.8507494675061569,
            0.847730520778816,
            0.8565754301894022,
            0.8559927821991079,
            0.8490546032068265,
            0.8496902015637489,
            0.8502727849015809,
            0.8356019128077495,
            0.8446586883373098,
            0.8483131041166485,
            0.8437053231281576,
            0.8358137789267238,
            0.8447116387039378,
            0.8369790102548501,
            0.8271277852684836,
            0.8185477569959618,
            0.8241089031936052,
            0.822678920032339,
            0.8121392109748846,
            0.8153170088021093,
            0.8147344254642772,
            0.8106032624279003,
            0.8042476667734509,
            0.8019172687696603,
            0.8015465515508023,
            0.8040887510211048,
            0.8011757696794821,
            0.7810497167737257,
            0.7854986466623327,
            0.7867697787237151,
            0.7872994116949192,
            0.7933901908637665,
            0.818335890876988,
            0.8297759501245044,
            0.8576346961318108,
            0.8848577791297325,
            0.8769132845616707,
            0.8671150745943945,
            0.8474127539265863,
            0.8831629794828643,
            0.9029183151697626,
            0.9233091845611212,
            0.9502674510734409,
            0.9538160307719857,
            0.9503204660925311,
            0.9532863978007817,
            0.9532863978007817,
            0.940522256125255,
            0.9428525894765832,
            0.9424289218910973,
            0.9426407880100715,
            0.9421641054054953,
            0.9401514742539347,
            0.9393570247971286,
            0.9425348226243533,
            0.9419522392865212,
            0.9397807570350767,
            0.9248980834747335,
            0.9418992889198932,
            0.9425348226243532,
            0.9408929733441128,
            0.9393040744305005,
            0.9339547943518314,
            0.937450359031286,
            0.9413696559486888,
            0.9416874228009189,
            0.9441766719045932,
            0.9243154354844388,
            0.938562575340322,
            0.9404692411061644,
            0.9360733262366476,
            0.9251628999603353,
            0.9201843371005242,
            0.9446004041425415,
            0.933531062113883,
            0.937079641812428,
            0.9346432784229192,
            0.93829775885472,
            0.9493141505167505,
            0.9522800822250012,
            0.9493141505167506,
            0.9411577898297148,
            0.9353847775130975,
            0.9316773467146686,
            0.9724590854973856,
            0.9662094552286543,
            0.9689105704513028,
            0.969969836393711,
            0.9593242266030008,
            0.956570096361262,
            0.9671627557853443,
            0.9638261068582358,
            0.9632964738870317,
            0.9521741814917452,
            0.9539219315052414,
            0.9435940885667612,
            0.9572586450848124,
            0.964408690196068,
            0.9596949438218588,
            0.9433822224477871,
            0.9211376376572142,
            0.9251628999603354,
            0.9461363526895259,
            0.9516974988871693,
            0.9627668409158278,
            0.9562523295090322,
            0.955722696537828,
            0.9691753869369052,
            0.954928247081022,
            0.959800844555115,
            0.9587415786127068,
            0.9595360280695131,
            0.959271211583911,
            0.9634553249869159,
            0.9614427584878177,
            0.9656268072383603,
            0.9644616405626961,
            0.9646205563150423,
            0.9505852825781332,
            0.927069565726178,
            0.9439648704380819,
            0.940681107225139,
            0.9710820527027478,
            0.9621312425589058,
            0.9533922985340378,
            0.9575234615704148,
            0.9478311523363946,
            0.9326307119238214,
            0.9207139700717288,
            0.9328955284094235,
            0.9221969035996229,
            0.9019119995939826,
            0.9112335269566826,
            0.9220910028663669,
            0.9282347324018422,
            0.9233091845611213,
            0.9202372874671525,
            0.9026004836650705,
            0.9286055142731624,
            0.9238917678989533,
            0.9218261863807649,
            0.9254806668125658,
            0.931041813010209,
            0.9337429282328576,
            0.92696360034046,
            0.9266987838548579,
            0.9077379622772279,
            0.9058842468780135,
            0.9047720305689774,
            0.8964567541295954,
            0.8970923524865178,
            0.8929611894501407,
            0.8978337869242337,
            0.8980986034098357,
            0.8979397523099519,
            0.894285271878151,
            0.8885122595615337,
            0.8874000432524974,
            0.8878767258570736,
            0.8833748456018385,
            0.8848577791297326,
            0.877707734018477,
            0.8791377818322055,
            0.8654202749475264,
            0.8549335162567,
            0.940310390006281,
            0.9424289218910974,
            0.917748038363478,
            0.918754289286796,
            0.9430115052289295,
            0.9267517988739481,
            0.9348021941752657,
            0.9427996391099553,
            0.9427466887433273,
            0.9341666604708055,
            0.9316773467146687,
            0.9074731457916256,
            0.9122927928990906,
            0.9218261863807646,
            0.9130342919892688,
            0.9098564941620441,
            0.8998993684424217,
            0.9312006641100925,
            0.9337958785994852,
            0.9129813416226408,
            0.9124517086514367,
            0.9163709409163772,
            0.9274932333116637,
            0.918860254672514,
            0.9257984336647955,
            0.9094327619240958,
            0.9289232811253922,
            0.9555637807854819,
            0.988136208514535,
            1.0015359485469841,
            0.9911022048752479,
            0.9867591757198968,
            0.9894602909425453,
            1.014459005974857,
            0.973412450706538,
            0.9944918041689845,
            0.9852232271729126,
            0.9747365331345483,
            0.9673216715376908,
            0.9623960590445075,
            0.955722696537828,
            0.9561993791424042,
            0.9552989642998798,
            0.9734654010731659,
            0.9652560900195021,
            0.9719294525261815,
            0.95598751302343,
            0.9415285070485727,
            0.9332662456282809,
            0.950850099063735,
            0.9820454293456876,
            0.9962396188349428,
            0.9997351835143975,
            0.9780202316950287,
            0.9899899239137493,
            0.9957099858637387,
            0.9929559202744622,
            0.9805624958177935,
            0.9899369735471214,
            0.9886658414857391,
            0.9881892235336253,
            0.9933266374933203,
            0.9951274025259068,
            0.9809332130366515,
            1.0000529503666276,
            1.0229860838807507,
            1.0236746326043011,
            1.1008951456668463,
            1.097081684830237,
            1.105820628855105,
            1.0821460609032658,
            1.0792860945807334,
            1.142894936839393,
            1.1267941462367577,
            1.1043906456938386,
            1.104973293684133,
            1.1082039772255232,
            1.1016895951236523,
            1.0988294994961953,
            1.0967639826304691,
            1.0670515212239484,
            1.0704411851701472,
            1.0540225630628195,
            1.0493088166886104,
            1.0442773034621713,
            1.0445421199477734,
            1.0272231476503837,
            1.014829723193715,
            1.0170542204642494,
            0.9903077554184415,
            1.0036015300651724,
            1.0207086362435878,
            1.0251575661321948,
            1.036067992408507,
            1.0153593561649186,
            0.9975637012629527,
            1.0153593561649186,
            0.9815688113935733,
            0.9661564402095637,
            1.0106456097907093,
            1.0066204121400504,
            1.022562351642802,
            1.018272337506541,
            1.0236746326043002,
            1.0163656717406986,
            1.0335787433048322,
            0.9997881338810247,
            0.9843758273494774,
            0.9636671911058889,
            0.9486785521598275,
            0.9160002236975185,
            0.9276521490640091,
            0.9466130352941012,
            0.9485726514265714,
            0.9334781117472541,
            0.9316773467146677,
            0.9216143202617896,
            0.9400455735206777,
            0.9393040744304995,
            0.932683662290448,
            0.9398866577683315,
            0.9125046590180635,
            0.8907367568320668,
            0.9160531740641461,
            0.9024945829318133,
            0.9109157601044513,
            0.8817859466882249,
            0.896721570615196,
            0.9077909126438545,
            0.9355436932654426,
            0.9198135552292029,
            0.9216672706284172,
            0.9267517988739467,
            0.9269106499738304,
            0.9273873325784067,
            0.9135639249604717,
            0.9532334474341524,
            1.0008473998234326,
            1.0260579809747183,
            1.0180075210209383,
            1.022032718671597,
            1.0094274927484164,
            1.003124847460595,
            1.022032718671597,
            1.0242042655755037,
            1.0194905192012946,
            1.021397184967137,
            1.008209311053662,
            1.016842354345274,
            1.00699119401137,
            1.0117048757331168,
            0.9945977695547012,
            0.984852509954053,
            0.984852509954053,
            0.9623431086778781,
            0.9642497744437204,
            0.9796091306086396,
            0.9694402034225056,
            0.9671627557853429,
            0.995815886596993,
            1.0049256124931814,
            0.9994703670287941,
            1.009056710877096,
            1.0313012956676688,
            1.0438006855100557,
            1.0291827637828523,
            1.055399595857456,
            1.0818812444176618,
            1.136645371223122,
            1.1093162581870197,
            1.0791801291950132,
            1.0934272690508964,
            1.133414558376807,
            1.0810338445942274,
            1.121233000039112,
            1.061437424659675,
            1.08394682593585,
            1.1298130283116339,
            1.142577234639623,
            1.102378014542276,
            1.101371763618958,
            1.1141888556611126,
            1.1514750944168373,
            1.151422079397747,
            1.143954202781799,
            1.0916265686707722,
            1.069699686079967,
            1.0695408349800832,
            1.074466382820804,
            1.097081684830235,
            1.0900376697571599,
            1.0953339994692008,
            1.10036551269564,
            1.0938510012888445,
            1.0881839543579455,
            1.0739367498496,
            1.078915312709411,
            1.0712356346269514,
            1.0787564616095273,
            1.0779620121527211,
            1.0800805440375376,
            1.0716593668648997,
            1.0785445954905533,
            1.1029076475134802,
            1.127111977741448,
            1.1130236889854488,
            1.114983305117919,
            1.1217096179912263,
            1.1175255692406836,
            1.111011057833888,
            1.1124940560142444,
            1.1461257496857058,
            1.1417297701637268,
            1.1540702442537676,
            1.1344738243192154,
            1.1377575228796961,
            1.1123351402618986,
            1.1062973761121415,
            1.1028547617993147,
            1.0833642425980183,
            1.0873895049011395,
            1.0886605723100595,
            1.0748901150587526,
            1.080610177008742,
            1.0832053268456725,
            1.0949102672312532,
            1.1284360601694585,
            1.1165722040315316,
            1.1263704139988078,
            1.1205444513155625,
            1.1204385505823065,
            1.133149741891205,
            1.1262645132655515,
            1.1013717636189582,
            1.1061914753788853,
            1.1366982569372877,
            1.106244361093051,
            1.0856945759493464,
            1.0731423003927938,
            1.0657274387959361,
            1.041152520654035,
            1.0387691722836165,
            1.0341083762760352,
            1.0529103467537813,
            1.0730363996595378,
            1.1029606625325703,
            1.1284889458836238,
            1.1545998772249717,
            1.1406705042213185,
            1.1090514417014177,
            1.0898787540048136,
            1.0999946661718576,
            1.1038610127226325,
            1.1517927966166048,
            1.1100576926247356,
            1.092738720327346,
            1.0991473310008857,
            1.146814298409256,
            1.1129177882521926,
            1.11191140802395,
            1.093162452565294,
            1.124569713618683,
            1.1073566420545493,
            1.1371219891752355,
            1.1550236094629194,
            1.147502847132806,
            1.158095506556888,
            1.1763148290443397,
            1.1652984373823092,
            1.2043323614990675,
            1.2311848565830559,
            1.2410359522644976,
            1.2283247609555987,
            1.197076415654556,
            1.163762553487787,
            1.133096726872114,
            1.1228218989527239,
            1.114188855661112,
            1.1271648634556128,
            1.1405646034880619,
            1.1422594031349302,
            1.1847889565836056,
            1.1695885161710324,
            1.1617499223362266,
            1.1594195889848984,
            1.1388698038411937,
            1.1158307695938148,
            1.1360097082137368,
            1.15767177431894,
            1.183411859136505,
            1.1374927063940932,
            1.1596844054705002,
            1.164662903677849,
            1.1499390812173897,
            1.2160373018846482,
            1.1886022881152902,
            1.1812933272516886,
            1.1478735643516635,
            1.1522695438736426,
            1.126953061989101,
            1.1475028471328057,
            1.1335734741291525,
            1.1655103681537455,
            1.1528520625590124,
            1.1527461618257566,
            1.150839431407452,
            1.1386578730697574,
            1.1793867261383086,
            1.2395529540841415,
            1.2561835069629055,
            1.2543826772778568,
            1.2730258613081815,
            1.2476563644045497,
            1.2121180696197082,
            1.2476563644045495,
            1.24061222002655,
            1.245114100281785,
            1.2610561044369986,
            1.317991648841441,
            1.253641242840141,
            1.3305969394170838,
            1.3158201019375342,
            1.3399184021273214,
            1.374503461007935,
            1.4022563062819855,
            1.3867909200788857,
            1.4029447257006114,
            1.3692601463149843,
            1.3145490345286142,
            1.3073989894173585,
            1.3203219821927692,
            1.3948943303992936,
            1.4818071526958587,
            1.4865738494366958,
            1.4728033921853887,
            1.4692548771393061,
            1.468195611196898,
            1.4752926412890632,
            1.414755566819448,
            1.4722207441950945,
            1.430856486727008,
            1.4198400950649774,
            1.3984428454453763,
            1.4484402755099997,
            1.4551135733642169,
            1.472273759214185,
            1.4552196034023974,
            1.455378389849819,
            1.4704200438149706,
            1.5032572880296258,
            1.5679253962306934,
            1.5483289762961412,
            1.5664425273552616,
            1.6095545994893066,
            1.7054711822963418,
            1.7377257785207028,
            1.679095434469392,
            1.6285683714335648,
            1.537471500386457,
            1.5266140244767725,
            1.551136056904508,
            1.5754991735798973,
            1.5843970333571114,
            1.5390075135859036,
            1.57004392811551,
            1.592076711439571,
            1.6823261180107827,
            1.6972618712426784,
            1.6948255078531695,
            1.7459881045934569,
            1.689476163122038,
            1.674911256413925,
            1.6685556607594756,
            1.6453048250455846,
            1.6853451293905857,
            1.7011280884885287,
            1.6830146667343329,
            1.6608230969628504,
            1.6880461799607718,
            1.736348681073602,
            1.7754356202094506,
            1.7641015263476523,
            1.7650018765377142,
            1.7197182574997623,
            1.6269794725199518,
            1.640008495333543,
            1.6008156554644384,
            1.5546845719505902,
            1.539378230804761,
            1.5507653396856493,
            1.5775648197505472,
            1.5788358871594672,
            1.5580743005492508,
            1.5428208451175873,
            1.5519835213804036,
            1.578412154921519,
            1.5854032842804286,
            1.582755119424408,
            1.582490302938806,
            1.6242784219497655,
            1.6256553900919413,
            1.6314813527751866,
            1.622159890064949,
            1.642868461656075,
            1.6587574507921985,
            1.7517080372385205,
            1.737884694273048,
            1.7209893249086818,
            1.6990625716228014,
            1.7172290083960875,
            1.7783486015510725,
            1.768868223088489,
            1.748795055896898,
            1.7112971449795864,
            1.6897939946267295,
            1.733488714751069,
            1.7940786749348498,
            1.8568401820225373,
            1.8713522030164849,
            1.8762248004905777,
            1.823367404103422,
            1.8761717854714874,
            1.8438641742280364,
            1.8081139486717586,
            1.792754592506839,
            1.707907416380925,
            1.7117737629316998,
            1.7114559314270075,
            1.739950211138774,
            1.7416980258047325,
            1.728880933762578,
            1.7472591720023756,
            1.7593877153209798,
            1.7246438699929447,
            1.7385202279775076,
            1.7146867442733225,
            1.7383084265109958,
            1.7475239884879776,
            1.7420687430235902,
            1.7395264789008253,
            1.7246438699929445,
            1.7425454902806286,
            1.775912367466488,
            1.8146814750976443,
            1.8069487819960945,
            1.7885175287372064,
            1.7276627520678234,
            1.7214130571466297,
            1.7189768230620457,
            1.6659074959034537,
            1.5438270960409053,
            1.5916529792016219,
            1.559875000929375,
            1.432074539116837,
            1.4894338157592277,
            1.326147944876014,
            1.4213230932453331,
            1.4819130534291143,
            1.4988082934885556,
            1.5909644304780717,
            1.5091891514461262,
            1.4847730197516467,
            1.4708966617670838,
            1.4192045613605169,
            1.4722207441950939,
            1.5481701898487188,
            1.5628938830042536,
            1.5888989136123453,
            1.5858800315374666,
            1.5850855820806604,
            1.611832047126468,
            1.5874159154319885,
            1.5734336567141696,
            1.5733806416950793,
            1.5769821717602523,
            1.5848207655950581,
            1.6484826228728078,
            1.6954081558434622,
            1.6696679417209723,
            1.6798368689071062,
            1.6246491391686224,
            1.6350828828403587,
            1.6766590710798817,
            1.6683968743120523,
            1.6445633906078672,
            1.6454637407979293,
            1.6840739326767395,
            1.6754939044042179,
            1.690164711845587,
            1.6904825433502793,
            1.6765001553275358,
            1.63847261143902,
            1.6524018551377486,
            1.6037286368060604,
            1.6018219063877557,
            1.6391610308576459,
            1.6320109857463903,
            1.6473174561971438,
            1.6234839724929586,
            1.6127323973165302,
            1.606694633166773,
            1.6103490489461119,
            1.6262380380822354,
            1.7373550613018436,
            1.7466236382979157,
            1.684391764181432,
            1.724643869992945,
            1.7138922948165165,
            1.7126741131217622,
            1.6836502004387919,
            1.6849213971526367,
            1.6686616907976553,
            1.6471585404447981,
            1.6185053449806857,
            1.6606641812105032,
            1.7026641016879744,
            1.660875982677015,
            1.647635158396912,
            1.651872222166545,
            1.6615645314005651,
            1.6572745819167667,
            1.6710450391680736,
            1.664000894790074,
            1.7136274783309147,
            1.7654256087756621,
            1.8188655238481874,
            1.86621478905679,
            1.9234680356609999,
            1.8878767258570683,
            2.0045548952743197,
            2.0054022304452914,
            2.0284412646926704,
            1.9679043195279797,
            1.963031592748962,
            2.035644324823016,
            2.0971347645017833,
            2.0649859397057537,
            2.060801890955211,
            2.0397754878593926,
            2.0676871195808646,
            2.0619141719167096,
            2.023515781504411,
            1.9925322526889704,
            2.0038133315316786,
            1.975848814096041,
            1.9492611354976548,
            1.9556697461711943,
            1.960383427892941,
            2.015730073383771,
            1.9971929193916271,
            1.97309461920184,
            1.9545045794955302,
            1.9644086901960622,
            1.9732535349541862,
            2.027381998750262,
            1.9924262226507905,
            1.9827869284358606,
            1.9493141505167453,
            1.9540808472575824,
            1.9542926487240941,
            1.9503204014400632,
            1.96149570885444,
            1.9658916883764193,
            1.9497378827546938,
            1.8800381320222626,
            1.9029712655363857,
            1.9715057202882285,
            1.9632964092345646,
            1.9549283117334795,
            1.9246862173557546,
            1.9049838966879464,
            1.8790318810989448,
            1.9047190802023444,
            1.9480430831078261,
            2.049044064855466,
            2.0367566057845155,
            2.0766378650722452,
            2.0930564871795725,
            2.1038610773750914,
            1.9966632864204237,
            1.9113923780565611,
            1.9214554045094392,
            1.8930671548358533,
            1.937185607198141,
            2.0127642063279834,
            1.9937503050788008,
            1.9911551552418705,
            1.9730946192018404,
            2.0418940197442095,
            2.114453736799173,
            2.3604153662093186,
            2.268894633619338,
            2.1763148936967984,
            2.308458320012225,
            2.254859359882429,
            2.179439676504933,
            2.198983081420395,
            2.1889200549675167,
            2.250834097579308,
            2.2524229964929203,
            2.3187331479316153,
            2.3557014258777227,
            2.4328160382070116,
            2.4034744233242735,
            2.4077645021129963,
            2.3947884943184956,
            2.4516710237038475,
            2.432975083264282,
            2.413431419738971,
            2.436046851053326,
            2.4258250381530266,
            2.460303937690535,
            2.456066873920902,
            2.4085059365507124,
            2.2550711613489405,
            2.283883401870324,
            2.2906095854387067,
            2.3034798218048764,
            2.3221227472253516,
            2.2722842329130746,
            2.2806525890240095,
            2.2506222961127964,
            2.327154260451791,
            2.426619487609833,
            2.4047985057522836,
            2.370584164090528,
            2.360785954123252,
            2.42624864108605,
            2.413643479815332,
            2.3797997260675094,
            2.3847254678656173,
            2.369736699614631,
            2.367830227806176,
            2.3684656322057114,
            2.31296020026746,
            2.3044330577091037,
            2.3164558295993767,
            2.267676581229508,
            2.304962690680308,
            2.3046978741947055,
            2.2837243568130527,
            2.311000454830064,
            2.3304911033362856,
            2.304750889213796,
            2.3578199577625383,
            2.406758251189678,
            2.4341401206350213,
            2.4476987764198164,
            2.456119888939992,
            2.441872813736571,
            2.5498649248431198,
            2.5416556137894557,
            2.527461553605125,
            2.491393496544155,
            2.5373655350007325,
            2.5494943369291865,
            2.5164450326381704,
            2.5314868159082464,
            2.538266014495719,
            2.4700493912485686,
            2.431491955779,
            2.367353351244212,
            2.405698985247269,
            2.4321276187883845,
            2.432922068245191,
            2.434934570091827,
            2.418145360070566,
            2.489857612649633,
            2.3790582916297924,
            2.380700205562495,
            2.432339420254896,
            2.581219300182342,
            2.5131614633826134,
            2.624754975249411,
            2.538372044533899,
            2.553254524136855,
            2.551400808737641,
            2.533128471231099,
            2.580213049259024,
            2.5698321913014537,
            2.559716149829485,
            2.529368284023429,
            2.748000671092548,
            2.650389417943569,
            2.5728509440714076,
            2.5370479621058886,
            2.4210583414121873,
            2.4221176073545956,
            2.4418728137365693,
            2.437053101976642,
            2.474339211427442,
            2.4747630729703145,
            2.4628993461373123,
            2.4813304700912755,
            2.440442701270378,
            2.4555372409496954,
            2.501986155968236,
            2.489433751106759,
            2.478894106701767,
            2.5526721347564094,
            2.6761823884752993,
            2.5955193904048524,
            2.561887696733391,
            2.6664371935271136,
            2.7210954195993176,
            2.70848999971875,
            2.624013540811694,
            2.6086541846467743,
            2.723796340864579,
            2.7697686379310054,
            2.8674859211181642,
            2.8924316857838477,
            3.0700705326037374,
            3.2424130497115864,
            3.16439821649716,
            3.3191568155170925,
            3.3229172613346116,
            3.5342938318641433,
            3.122662983200366,
            3.1102166083770695,
            3.0932683532985377,
            3.1757853253780484,
            3.0769027462103007,
            3.0517981950971955,
            3.0557174273621364,
            3.00852707790588,
            2.9828928938215706,
            3.0290769923545087,
            3.0998887654385894,
            3.106509177578641,
            3.102272113809008,
            3.024786913565786,
            3.0041312276888257,
            3.0098511603338904,
            3.0295005952875327,
            3.065886483853195,
            3.0010592012899324,
            2.9336370274995884,
            2.880620715360087,
            2.9149410870600234,
            2.96207842149719,
            2.9771199461574174,
            3.0241512505564034,
            2.998675852919516,
            2.9494730016166235,
            2.9373974733171093,
            2.9536570503671657,
            2.9480959041695227,
            2.9720884329309785,
            3.1313489122061458,
            3.069487884613445,
            3.0817754729893196,
            3.0709179970796354,
            3.0380807528649805,
            3.143901317067623,
            3.1600021076702585,
            3.171971864541441,
            3.370372427276472,
            3.4051691583186727,
            3.4070758887369776,
            3.384089869508689,
            3.339706729965724,
            3.3368465050333422,
            3.3644404345550467,
            3.3386474640233157,
            3.3243473738008045,
            3.4225412749400776,
            3.383348435070973,
            3.3473864080481834,
            3.332450654816288,
            3.3729675771134024,
            3.4663947815118386,
            3.461045436780707,
            3.5352470677683736,
            3.557438637539856,
            3.678142198565153,
            3.660876111981929,
            3.662676812362053,
            3.6931837232253795,
            3.723796405517038,
            3.6492241866154385,
            3.66733747906471,
            3.6315344970991914,
            3.6187172757521124,
            3.6560033852029123,
            3.57073247683905,
            3.5304803710275374,
            3.6458345873217026,
            3.744028488460976,
            3.829246381805748,
            3.8360785954123116,
            3.94147555668193,
            3.7671205377274446,
            3.93898643688318,
            4.119061647092579,
            4.0522748777017705,
            4.191038716157248,
            4.197976959801992,
            4.119961867977717,
            4.116678298722161,
            4.013082037832667,
            4.060695990221947,
            4.0466607164850386,
            4.073565967978268,
            4.083841054507507,
            4.241459619849972,
            4.080980829575125,
            4.036809491498672,
            4.058259626832438,
            4.043324132210392,
            4.026481648560192,
            4.051904031177989,
            4.200360308172411,
            4.291668980686031,
            4.427202006295193,
            4.369472012433945,
            4.3365817532002,
            4.340924588398164,
            4.323023097415405,
            4.3241883933959935,
            4.361421487827704,
            4.41761585640428,
            4.387161960560043,
            4.4580267486632135,
            4.335628517295972,
            4.217096503174582,
            4.17959859225727,
            4.194481330470076,
            4.221810443506178,
            4.279540437367427,
            4.120173669444229,
            4.021926753285866,
            3.8599120791164974,
            3.9443885380235537,
            3.8947090687685475,
            3.926751863526397,
            3.9856999097774755,
            3.998834962629247,
            3.9245273016034,
            3.904930881668848,
            3.889518510484838,
            3.9153117396264183,
            3.9078968780295606,
            3.9957629362303533,
            3.901594297394201,
            3.820878284304664,
            3.9161061890832243,
            3.7356073759408015,
            3.727027218363355,
            3.583867529690823,
            3.7005985848222402,
            3.7672263091557783,
            3.7209364391945083,
            3.786081294652614,
            3.7168054054630555,
            3.8673799557324453,
            3.8135161791170473,
            3.831576715157077,
            3.855198397394751,
            3.870875585064362,
            3.8612361615445074,
            3.8512261501107194,
            3.783697946282195,
            3.851490966596322,
            3.885758323277168,
            3.820401407742701,
            3.8682804352274327,
            3.8176474714583493,
            3.677559550574861,
            3.6171813918575917,
            3.631905085013126,
            3.6266087553010853,
            3.8738415814250757,
            4.115724804208085,
            4.014035273736895,
            3.9434883171384167,
            4.017848734573504,
            3.9298766463345305,
            3.8296172283295316,
            3.768073773631674,
            3.7725756538869093,
            3.7505958855819386,
            3.709972933246643,
            3.6352946843068628,
            3.683756101172039,
            3.6860336781141263,
            3.7346538814267243,
            3.614903814915504,
            3.5872041139654685,
            3.606006084443214,
            3.6043641705105114,
            3.688046179960762,
            3.723107986098414,
            3.7456704023936793,
            3.775594665266712,
            3.880091147041344,
            3.9517503846013216,
            4.048779248369855,
            4.090143635142866,
            4.058259626832439,
            4.0506859787881595,
            4.033843495137959,
            3.9720884975834387,
            3.9136698256937152,
            3.8848578437821812,
            3.8904720049989145,
            3.938350773873797,
            3.8528680640434225,
            3.7101849933230038,
            3.564482911222782,
            3.458768118448471,
            3.378422693272867,
            3.1920979174471995,
            3.041205535673117,
            3.140511717773889,
            3.0057201266024416,
            2.989301504495114,
            3.1464964669045554,
            3.1577778043571127,
            3.4016737875966077,
            3.2850485038935218,
            3.2691064997383084,
            3.20888738607831,
            3.1757323103589625,
            3.1351623730427574,
            3.1017424808378076,
            3.005402295097749,
            2.85879999211239,
            2.8732588687823224,
            2.873470670248834,
            2.8758540186192527,
            2.8913194048223527,
            2.8434933923567116,
            2.825750687821374,
            2.8223610885276376,
            2.698850834808747,
            2.6703564257920562,
            2.6653779275847076,
            2.640379147899934,
            2.5922355625394498,
            2.4901754441543265,
            2.4638525820415422,
            2.5823315811438423
        ],
        "name": "LALPATHLAB"
    },
    {
        "data": [
            1.0,
            0.9990466994433099,
            0.9962396188349432,
            1.0074148615968574,
            1.0074678119634852,
            1.0014829981803561,
            1.0053492800786687,
            1.0076796780824595,
            0.9995233173954237,
            0.9940681365834986,
            1.0030718970939685,
            0.9972459344107233,
            1.0059848784355911,
            0.9980403838675295,
            0.9966633510728912,
            0.9960807030825968,
            1.0248927496465932,
            1.0305598612299545,
            1.034161326642665,
            1.0235686672185826,
            1.0177427045353373,
            1.0227742177617765,
            1.016100855255097,
            1.025316481884541,
            1.0271172469171275,
            1.02102646774828,
            1.011863791485464,
            1.0228801831474947,
            1.006143729535475,
            1.0074678119634852,
            1.0214501353337664,
            1.0172130715641334,
            1.0171071708308774,
            1.0113341585142601,
            1.0167894039786474,
            1.0089508101438416,
            0.9913670213608499,
            0.9851702768062843,
            1.0161008552550972,
            1.0165245874930453,
            1.0079974449346891,
            1.0185371539921435,
            1.021132368481536,
            0.9439648704380813,
            0.9539748818718693,
            0.9649383231672719,
            0.9657327726240781,
            0.9636671911058896,
            0.9641968240770938,
            0.9637730918391456,
            0.9394629901828465,
            0.9477252516031381,
            0.951485632768195,
            0.9466659856607299,
            0.9536041646530113,
            0.9546104802287916,
            0.9577353276893883,
            0.9539748818718692,
            0.9573115954514402,
            0.9581060449082464,
            0.9582649606605925,
            0.969122436570277,
            0.9602245767930628,
            0.9522271318583732,
            0.9483078349409703,
            0.9609131255166132,
            0.9526507994438592,
            0.9313066294958107,
            0.937821076250144,
            0.9131401927225246,
            0.9026534986841604,
            0.9091149950718658,
            0.8960330865441091,
            0.8938085892735743,
            0.8670091738611385,
            0.84725383817424,
            0.8842751957919002,
            0.82829301659661,
            0.8214077879709565,
            0.8253800352549873,
            0.8549335162566996,
            0.856204648318082,
            0.8902600742274916,
            0.8970393374674269,
            0.8910545236842978,
            0.8904189253273755,
            0.8911604244175537,
            0.8831100291162362,
            0.9112335269566822,
            0.9154705907263151,
            0.9084264463483154,
            0.8988401025000133,
            0.8901541088417734,
            0.8909485582985796,
            0.8890948428993651,
            0.8880355769569569,
            0.874794752676854,
            0.882898162997262,
            0.8834277959684661,
            0.8729410372776397,
            0.8810444475980476,
            0.8750066187958282,
            0.8625072936059035,
            0.8809385468647917,
            0.8750066187958281,
            0.8580583637172964,
            0.8460357211319479,
            0.8548276155234438,
            0.8541390667998935,
            0.8545098486712137,
            0.8565754301894022,
            0.856469464803684,
            0.8575287307460921,
            0.8579524629840403,
            0.8567342812892859,
            0.8554631492279036,
            0.8544038832854953,
            0.8452942220417695,
            0.852232401034051,
            0.8587469124408466,
            0.8582702298362704,
            0.8729410372776395,
            0.879773315536665,
            0.8772840664329906,
            0.8767014830951585,
            0.8595413618976527,
            0.8478894365311622,
            0.8518087334485651,
            0.8507494675061569,
            0.847730520778816,
            0.8565754301894022,
            0.8559927821991079,
            0.8490546032068265,
            0.8496902015637489,
            0.8502727849015809,
            0.8356019128077495,
            0.8446586883373098,
            0.8483131041166485,
            0.8437053231281576,
            0.8358137789267238,
            0.8447116387039378,
            0.8369790102548501,
            0.8271277852684836,
            0.8185477569959618,
            0.8241089031936052,
            0.822678920032339,
            0.8121392109748846,
            0.8153170088021093,
            0.8147344254642772,
            0.8106032624279003,
            0.8042476667734509,
            0.8019172687696603,
            0.8015465515508023,
            0.8040887510211048,
            0.8011757696794821,
            0.7810497167737257,
            0.7854986466623327,
            0.7867697787237151,
            0.7872994116949192,
            0.7933901908637665,
            0.818335890876988,
            0.8297759501245044,
            0.8576346961318108,
            0.8848577791297325,
            0.8769132845616707,
            0.8671150745943945,
            0.8474127539265863,
            0.8831629794828643,
            0.9029183151697626,
            0.9233091845611212,
            0.9502674510734409,
            0.9538160307719857,
            0.9503204660925311,
            0.9532863978007817,
            0.9532863978007817,
            0.940522256125255,
            0.9428525894765832,
            0.9424289218910973,
            0.9426407880100715,
            0.9421641054054953,
            0.9401514742539347,
            0.9393570247971286,
            0.9425348226243533,
            0.9419522392865212,
            0.9397807570350767,
            0.9248980834747335,
            0.9418992889198932,
            0.9425348226243532,
            0.9408929733441128,
            0.9393040744305005,
            0.9339547943518314,
            0.937450359031286,
            0.9413696559486888,
            0.9416874228009189,
            0.9441766719045932,
            0.9243154354844388,
            0.938562575340322,
            0.9404692411061644,
            0.9360733262366476,
            0.9251628999603353,
            0.9201843371005242,
            0.9446004041425415,
            0.933531062113883,
            0.937079641812428,
            0.9346432784229192,
            0.93829775885472,
            0.9493141505167505,
            0.9522800822250012,
            0.9493141505167506,
            0.9411577898297148,
            0.9353847775130975,
            0.9316773467146686,
            0.9724590854973856,
            0.9662094552286543,
            0.9689105704513028,
            0.969969836393711,
            0.9593242266030008,
            0.956570096361262,
            0.9671627557853443,
            0.9638261068582358,
            0.9632964738870317,
            0.9521741814917452,
            0.9539219315052414,
            0.9435940885667612,
            0.9572586450848124,
            0.964408690196068,
            0.9596949438218588,
            0.9433822224477871,
            0.9211376376572142,
            0.9251628999603354,
            0.9461363526895259,
            0.9516974988871693,
            0.9627668409158278,
            0.9562523295090322,
            0.955722696537828,
            0.9691753869369052,
            0.954928247081022,
            0.959800844555115,
            0.9587415786127068,
            0.9595360280695131,
            0.959271211583911,
            0.9634553249869159,
            0.9614427584878177,
            0.9656268072383603,
            0.9644616405626961,
            0.9646205563150423,
            0.9505852825781332,
            0.927069565726178,
            0.9439648704380819,
            0.940681107225139,
            0.9710820527027478,
            0.9621312425589058,
            0.9533922985340378,
            0.9575234615704148,
            0.9478311523363946,
            0.9326307119238214,
            0.9207139700717288,
            0.9328955284094235,
            0.9221969035996229,
            0.9019119995939826,
            0.9112335269566826,
            0.9220910028663669,
            0.9282347324018422,
            0.9233091845611213,
            0.9202372874671525,
            0.9026004836650705,
            0.9286055142731624,
            0.9238917678989533,
            0.9218261863807649,
            0.9254806668125658,
            0.931041813010209,
            0.9337429282328576,
            0.92696360034046,
            0.9266987838548579,
            0.9077379622772279,
            0.9058842468780135,
            0.9047720305689774,
            0.8964567541295954,
            0.8970923524865178,
            0.8929611894501407,
            0.8978337869242337,
            0.8980986034098357,
            0.8979397523099519,
            0.894285271878151,
            0.8885122595615337,
            0.8874000432524974,
            0.8878767258570736,
            0.8833748456018385,
            0.8848577791297326,
            0.877707734018477,
            0.8791377818322055,
            0.8654202749475264,
            0.8549335162567,
            0.940310390006281,
            0.9424289218910974,
            0.917748038363478,
            0.918754289286796,
            0.9430115052289295,
            0.9267517988739481,
            0.9348021941752657,
            0.9427996391099553,
            0.9427466887433273,
            0.9341666604708055,
            0.9316773467146687,
            0.9074731457916256,
            0.9122927928990906,
            0.9218261863807646,
            0.9130342919892688,
            0.9098564941620441,
            0.8998993684424217,
            0.9312006641100925,
            0.9337958785994852,
            0.9129813416226408,
            0.9124517086514367,
            0.9163709409163772,
            0.9274932333116637,
            0.918860254672514,
            0.9257984336647955,
            0.9094327619240958,
            0.9289232811253922,
            0.9555637807854819,
            0.988136208514535,
            1.0015359485469841,
            0.9911022048752479,
            0.9867591757198968,
            0.9894602909425453,
            1.014459005974857,
            0.973412450706538,
            0.9944918041689845,
            0.9852232271729126,
            0.9747365331345483,
            0.9673216715376908,
            0.9623960590445075,
            0.955722696537828,
            0.9561993791424042,
            0.9552989642998798,
            0.9734654010731659,
            0.9652560900195021,
            0.9719294525261815,
            0.95598751302343,
            0.9415285070485727,
            0.9332662456282809,
            0.950850099063735,
            0.9820454293456876,
            0.9962396188349428,
            0.9997351835143975,
            0.9780202316950287,
            0.9899899239137493,
            0.9957099858637387,
            0.9929559202744622,
            0.9805624958177935,
            0.9899369735471214,
            0.9886658414857391,
            0.9881892235336253,
            0.9933266374933203,
            0.9951274025259068,
            0.9809332130366515,
            1.0000529503666276,
            1.0229860838807507,
            1.0236746326043011,
            1.1008951456668463,
            1.097081684830237,
            1.105820628855105,
            1.0821460609032658,
            1.0792860945807334,
            1.142894936839393,
            1.1267941462367577,
            1.1043906456938386,
            1.104973293684133,
            1.1082039772255232,
            1.1016895951236523,
            1.0988294994961953,
            1.0967639826304691,
            1.0670515212239484,
            1.0704411851701472,
            1.0540225630628195,
            1.0493088166886104,
            1.0442773034621713,
            1.0445421199477734,
            1.0272231476503837,
            1.014829723193715,
            1.0170542204642494,
            0.9903077554184415,
            1.0036015300651724,
            1.0207086362435878,
            1.0251575661321948,
            1.036067992408507,
            1.0153593561649186,
            0.9975637012629527,
            1.0153593561649186,
            0.9815688113935733,
            0.9661564402095637,
            1.0106456097907093,
            1.0066204121400504,
            1.022562351642802,
            1.018272337506541,
            1.0236746326043002,
            1.0163656717406986,
            1.0335787433048322,
            0.9997881338810247,
            0.9843758273494774,
            0.9636671911058889,
            0.9486785521598275,
            0.9160002236975185,
            0.9276521490640091,
            0.9466130352941012,
            0.9485726514265714,
            0.9334781117472541,
            0.9316773467146677,
            0.9216143202617896,
            0.9400455735206777,
            0.9393040744304995,
            0.932683662290448,
            0.9398866577683315,
            0.9125046590180635,
            0.8907367568320668,
            0.9160531740641461,
            0.9024945829318133,
            0.9109157601044513,
            0.8817859466882249,
            0.896721570615196,
            0.9077909126438545,
            0.9355436932654426,
            0.9198135552292029,
            0.9216672706284172,
            0.9267517988739467,
            0.9269106499738304,
            0.9273873325784067,
            0.9135639249604717,
            0.9532334474341524,
            1.0008473998234326,
            1.0260579809747183,
            1.0180075210209383,
            1.022032718671597,
            1.0094274927484164,
            1.003124847460595,
            1.022032718671597,
            1.0242042655755037,
            1.0194905192012946,
            1.021397184967137,
            1.008209311053662,
            1.016842354345274,
            1.00699119401137,
            1.0117048757331168,
            0.9945977695547012,
            0.984852509954053,
            0.984852509954053,
            0.9623431086778781,
            0.9642497744437204,
            0.9796091306086396,
            0.9694402034225056,
            0.9671627557853429,
            0.995815886596993,
            1.0049256124931814,
            0.9994703670287941,
            1.009056710877096,
            1.0313012956676688,
            1.0438006855100557,
            1.0291827637828523,
            1.055399595857456,
            1.0818812444176618,
            1.136645371223122,
            1.1093162581870197,
            1.0791801291950132,
            1.0934272690508964,
            1.133414558376807,
            1.0810338445942274,
            1.121233000039112,
            1.061437424659675,
            1.08394682593585,
            1.1298130283116339,
            1.142577234639623,
            1.102378014542276,
            1.101371763618958,
            1.1141888556611126,
            1.1514750944168373,
            1.151422079397747,
            1.143954202781799,
            1.0916265686707722,
            1.069699686079967,
            1.0695408349800832,
            1.074466382820804,
            1.097081684830235,
            1.0900376697571599,
            1.0953339994692008,
            1.10036551269564,
            1.0938510012888445,
            1.0881839543579455,
            1.0739367498496,
            1.078915312709411,
            1.0712356346269514,
            1.0787564616095273,
            1.0779620121527211,
            1.0800805440375376,
            1.0716593668648997,
            1.0785445954905533,
            1.1029076475134802,
            1.127111977741448,
            1.1130236889854488,
            1.114983305117919,
            1.1217096179912263,
            1.1175255692406836,
            1.111011057833888,
            1.1124940560142444,
            1.1461257496857058,
            1.1417297701637268,
            1.1540702442537676,
            1.1344738243192154,
            1.1377575228796961,
            1.1123351402618986,
            1.1062973761121415,
            1.1028547617993147,
            1.0833642425980183,
            1.0873895049011395,
            1.0886605723100595,
            1.0748901150587526,
            1.080610177008742,
            1.0832053268456725,
            1.0949102672312532,
            1.1284360601694585,
            1.1165722040315316,
            1.1263704139988078,
            1.1205444513155625,
            1.1204385505823065,
            1.133149741891205,
            1.1262645132655515,
            1.1013717636189582,
            1.1061914753788853,
            1.1366982569372877,
            1.106244361093051,
            1.0856945759493464,
            1.0731423003927938,
            1.0657274387959361,
            1.041152520654035,
            1.0387691722836165,
            1.0341083762760352,
            1.0529103467537813,
            1.0730363996595378,
            1.1029606625325703,
            1.1284889458836238,
            1.1545998772249717,
            1.1406705042213185,
            1.1090514417014177,
            1.0898787540048136,
            1.0999946661718576,
            1.1038610127226325,
            1.1517927966166048,
            1.1100576926247356,
            1.092738720327346,
            1.0991473310008857,
            1.146814298409256,
            1.1129177882521926,
            1.11191140802395,
            1.093162452565294,
            1.124569713618683,
            1.1073566420545493,
            1.1371219891752355,
            1.1550236094629194,
            1.147502847132806,
            1.158095506556888,
            1.1763148290443397,
            1.1652984373823092,
            1.2043323614990675,
            1.2311848565830559,
            1.2410359522644976,
            1.2283247609555987,
            1.197076415654556,
            1.163762553487787,
            1.133096726872114,
            1.1228218989527239,
            1.114188855661112,
            1.1271648634556128,
            1.1405646034880619,
            1.1422594031349302,
            1.1847889565836056,
            1.1695885161710324,
            1.1617499223362266,
            1.1594195889848984,
            1.1388698038411937,
            1.1158307695938148,
            1.1360097082137368,
            1.15767177431894,
            1.183411859136505,
            1.1374927063940932,
            1.1596844054705002,
            1.164662903677849,
            1.1499390812173897,
            1.2160373018846482,
            1.1886022881152902,
            1.1812933272516886,
            1.1478735643516635,
            1.1522695438736426,
            1.126953061989101,
            1.1475028471328057,
            1.1335734741291525,
            1.1655103681537455,
            1.1528520625590124,
            1.1527461618257566,
            1.150839431407452,
            1.1386578730697574,
            1.1793867261383086,
            1.2395529540841415,
            1.2561835069629055,
            1.2543826772778568,
            1.2730258613081815,
            1.2476563644045497,
            1.2121180696197082,
            1.2476563644045495,
            1.24061222002655,
            1.245114100281785,
            1.2610561044369986,
            1.317991648841441,
            1.253641242840141,
            1.3305969394170838,
            1.3158201019375342,
            1.3399184021273214,
            1.374503461007935,
            1.4022563062819855,
            1.3867909200788857,
            1.4029447257006114,
            1.3692601463149843,
            1.3145490345286142,
            1.3073989894173585,
            1.3203219821927692,
            1.3948943303992936,
            1.4818071526958587,
            1.4865738494366958,
            1.4728033921853887,
            1.4692548771393061,
            1.468195611196898,
            1.4752926412890632,
            1.414755566819448,
            1.4722207441950945,
            1.430856486727008,
            1.4198400950649774,
            1.3984428454453763,
            1.4484402755099997,
            1.4551135733642169,
            1.472273759214185,
            1.4552196034023974,
            1.455378389849819,
            1.4704200438149706,
            1.5032572880296258,
            1.5679253962306934,
            1.5483289762961412,
            1.5664425273552616,
            1.6095545994893066,
            1.7054711822963418,
            1.7377257785207028,
            1.679095434469392,
            1.6285683714335648,
            1.537471500386457,
            1.5266140244767725,
            1.551136056904508,
            1.5754991735798973,
            1.5843970333571114,
            1.5390075135859036,
            1.57004392811551,
            1.592076711439571,
            1.6823261180107827,
            1.6972618712426784,
            1.6948255078531695,
            1.7459881045934569,
            1.689476163122038,
            1.674911256413925,
            1.6685556607594756,
            1.6453048250455846,
            1.6853451293905857,
            1.7011280884885287,
            1.6830146667343329,
            1.6608230969628504,
            1.6880461799607718,
            1.736348681073602,
            1.7754356202094506,
            1.7641015263476523,
            1.7650018765377142,
            1.7197182574997623,
            1.6269794725199518,
            1.640008495333543,
            1.6008156554644384,
            1.5546845719505902,
            1.539378230804761,
            1.5507653396856493,
            1.5775648197505472,
            1.5788358871594672,
            1.5580743005492508,
            1.5428208451175873,
            1.5519835213804036,
            1.578412154921519,
            1.5854032842804286,
            1.582755119424408,
            1.582490302938806,
            1.6242784219497655,
            1.6256553900919413,
            1.6314813527751866,
            1.622159890064949,
            1.642868461656075,
            1.6587574507921985,
            1.7517080372385205,
            1.737884694273048,
            1.7209893249086818,
            1.6990625716228014,
            1.7172290083960875,
            1.7783486015510725,
            1.768868223088489,
            1.748795055896898,
            1.7112971449795864,
            1.6897939946267295,
            1.733488714751069,
            1.7940786749348498,
            1.8568401820225373,
            1.8713522030164849,
            1.8762248004905777,
            1.823367404103422,
            1.8761717854714874,
            1.8438641742280364,
            1.8081139486717586,
            1.792754592506839,
            1.707907416380925,
            1.7117737629316998,
            1.7114559314270075,
            1.739950211138774,
            1.7416980258047325,
            1.728880933762578,
            1.7472591720023756,
            1.7593877153209798,
            1.7246438699929447,
            1.7385202279775076,
            1.7146867442733225,
            1.7383084265109958,
            1.7475239884879776,
            1.7420687430235902,
            1.7395264789008253,
            1.7246438699929445,
            1.7425454902806286,
            1.775912367466488,
            1.8146814750976443,
            1.8069487819960945,
            1.7885175287372064,
            1.7276627520678234,
            1.7214130571466297,
            1.7189768230620457,
            1.6659074959034537,
            1.5438270960409053,
            1.5916529792016219,
            1.559875000929375,
            1.432074539116837,
            1.4894338157592277,
            1.326147944876014,
            1.4213230932453331,
            1.4819130534291143,
            1.4988082934885556,
            1.5909644304780717,
            1.5091891514461262,
            1.4847730197516467,
            1.4708966617670838,
            1.4192045613605169,
            1.4722207441950939,
            1.5481701898487188,
            1.5628938830042536,
            1.5888989136123453,
            1.5858800315374666,
            1.5850855820806604,
            1.611832047126468,
            1.5874159154319885,
            1.5734336567141696,
            1.5733806416950793,
            1.5769821717602523,
            1.5848207655950581,
            1.6484826228728078,
            1.6954081558434622,
            1.6696679417209723,
            1.6798368689071062,
            1.6246491391686224,
            1.6350828828403587,
            1.6766590710798817,
            1.6683968743120523,
            1.6445633906078672,
            1.6454637407979293,
            1.6840739326767395,
            1.6754939044042179,
            1.690164711845587,
            1.6904825433502793,
            1.6765001553275358,
            1.63847261143902,
            1.6524018551377486,
            1.6037286368060604,
            1.6018219063877557,
            1.6391610308576459,
            1.6320109857463903,
            1.6473174561971438,
            1.6234839724929586,
            1.6127323973165302,
            1.606694633166773,
            1.6103490489461119,
            1.6262380380822354,
            1.7373550613018436,
            1.7466236382979157,
            1.684391764181432,
            1.724643869992945,
            1.7138922948165165,
            1.7126741131217622,
            1.6836502004387919,
            1.6849213971526367,
            1.6686616907976553,
            1.6471585404447981,
            1.6185053449806857,
            1.6606641812105032,
            1.7026641016879744,
            1.660875982677015,
            1.647635158396912,
            1.651872222166545,
            1.6615645314005651,
            1.6572745819167667,
            1.6710450391680736,
            1.664000894790074,
            1.7136274783309147,
            1.7654256087756621,
            1.8188655238481874,
            1.86621478905679,
            1.9234680356609999,
            1.8878767258570683,
            2.0045548952743197,
            2.0054022304452914,
            2.0284412646926704,
            1.9679043195279797,
            1.963031592748962,
            2.035644324823016,
            2.0971347645017833,
            2.0649859397057537,
            2.060801890955211,
            2.0397754878593926,
            2.0676871195808646,
            2.0619141719167096,
            2.023515781504411,
            1.9925322526889704,
            2.0038133315316786,
            1.975848814096041,
            1.9492611354976548,
            1.9556697461711943,
            1.960383427892941,
            2.015730073383771,
            1.9971929193916271,
            1.97309461920184,
            1.9545045794955302,
            1.9644086901960622,
            1.9732535349541862,
            2.027381998750262,
            1.9924262226507905,
            1.9827869284358606,
            1.9493141505167453,
            1.9540808472575824,
            1.9542926487240941,
            1.9503204014400632,
            1.96149570885444,
            1.9658916883764193,
            1.9497378827546938,
            1.8800381320222626,
            1.9029712655363857,
            1.9715057202882285,
            1.9632964092345646,
            1.9549283117334795,
            1.9246862173557546,
            1.9049838966879464,
            1.8790318810989448,
            1.9047190802023444,
            1.9480430831078261,
            2.049044064855466,
            2.0367566057845155,
            2.0766378650722452,
            2.0930564871795725,
            2.1038610773750914,
            1.9966632864204237,
            1.9113923780565611,
            1.9214554045094392,
            1.8930671548358533,
            1.937185607198141,
            2.0127642063279834,
            1.9937503050788008,
            1.9911551552418705,
            1.9730946192018404,
            2.0418940197442095,
            2.114453736799173,
            2.3604153662093186,
            2.268894633619338,
            2.1763148936967984,
            2.308458320012225,
            2.254859359882429,
            2.179439676504933,
            2.198983081420395,
            2.1889200549675167,
            2.250834097579308,
            2.2524229964929203,
            2.3187331479316153,
            2.3557014258777227,
            2.4328160382070116,
            2.4034744233242735,
            2.4077645021129963,
            2.3947884943184956,
            2.4516710237038475,
            2.432975083264282,
            2.413431419738971,
            2.436046851053326,
            2.4258250381530266,
            2.460303937690535,
            2.456066873920902,
            2.4085059365507124,
            2.2550711613489405,
            2.283883401870324,
            2.2906095854387067,
            2.3034798218048764,
            2.3221227472253516,
            2.2722842329130746,
            2.2806525890240095,
            2.2506222961127964,
            2.327154260451791,
            2.426619487609833,
            2.4047985057522836,
            2.370584164090528,
            2.360785954123252,
            2.42624864108605,
            2.413643479815332,
            2.3797997260675094,
            2.3847254678656173,
            2.369736699614631,
            2.367830227806176,
            2.3684656322057114,
            2.31296020026746,
            2.3044330577091037,
            2.3164558295993767,
            2.267676581229508,
            2.304962690680308,
            2.3046978741947055,
            2.2837243568130527,
            2.311000454830064,
            2.3304911033362856,
            2.304750889213796,
            2.3578199577625383,
            2.406758251189678,
            2.4341401206350213,
            2.4476987764198164,
            2.456119888939992,
            2.441872813736571,
            2.5498649248431198,
            2.5416556137894557,
            2.527461553605125,
            2.491393496544155,
            2.5373655350007325,
            2.5494943369291865,
            2.5164450326381704,
            2.5314868159082464,
            2.538266014495719,
            2.4700493912485686,
            2.431491955779,
            2.367353351244212,
            2.405698985247269,
            2.4321276187883845,
            2.432922068245191,
            2.434934570091827,
            2.418145360070566,
            2.489857612649633,
            2.3790582916297924,
            2.380700205562495,
            2.432339420254896,
            2.581219300182342,
            2.5131614633826134,
            2.624754975249411,
            2.538372044533899,
            2.553254524136855,
            2.551400808737641,
            2.533128471231099,
            2.580213049259024,
            2.5698321913014537,
            2.559716149829485,
            2.529368284023429,
            2.748000671092548,
            2.650389417943569,
            2.5728509440714076,
            2.5370479621058886,
            2.4210583414121873,
            2.4221176073545956,
            2.4418728137365693,
            2.437053101976642,
            2.474339211427442,
            2.4747630729703145,
            2.4628993461373123,
            2.4813304700912755,
            2.440442701270378,
            2.4555372409496954,
            2.501986155968236,
            2.489433751106759,
            2.478894106701767,
            2.5526721347564094,
            2.6761823884752993,
            2.5955193904048524,
            2.561887696733391,
            2.6664371935271136,
            2.7210954195993176,
            2.70848999971875,
            2.624013540811694,
            2.6086541846467743,
            2.723796340864579,
            2.7697686379310054,
            2.8674859211181642,
            2.8924316857838477,
            3.0700705326037374,
            3.2424130497115864,
            3.16439821649716,
            3.3191568155170925,
            3.3229172613346116,
            3.5342938318641433,
            3.122662983200366,
            3.1102166083770695,
            3.0932683532985377,
            3.1757853253780484,
            3.0769027462103007,
            3.0517981950971955,
            3.0557174273621364,
            3.00852707790588,
            2.9828928938215706,
            3.0290769923545087,
            3.0998887654385894,
            3.106509177578641,
            3.102272113809008,
            3.024786913565786,
            3.0041312276888257,
            3.0098511603338904,
            3.0295005952875327,
            3.065886483853195,
            3.0010592012899324,
            2.9336370274995884,
            2.880620715360087,
            2.9149410870600234,
            2.96207842149719,
            2.9771199461574174,
            3.0241512505564034,
            2.998675852919516,
            2.9494730016166235,
            2.9373974733171093,
            2.9536570503671657,
            2.9480959041695227,
            2.9720884329309785,
            3.1313489122061458,
            3.069487884613445,
            3.0817754729893196,
            3.0709179970796354,
            3.0380807528649805,
            3.143901317067623,
            3.1600021076702585,
            3.171971864541441,
            3.370372427276472,
            3.4051691583186727,
            3.4070758887369776,
            3.384089869508689,
            3.339706729965724,
            3.3368465050333422,
            3.3644404345550467,
            3.3386474640233157,
            3.3243473738008045,
            3.4225412749400776,
            3.383348435070973,
            3.3473864080481834,
            3.332450654816288,
            3.3729675771134024,
            3.4663947815118386,
            3.461045436780707,
            3.5352470677683736,
            3.557438637539856,
            3.678142198565153,
            3.660876111981929,
            3.662676812362053,
            3.6931837232253795,
            3.723796405517038,
            3.6492241866154385,
            3.66733747906471,
            3.6315344970991914,
            3.6187172757521124,
            3.6560033852029123,
            3.57073247683905,
            3.5304803710275374,
            3.6458345873217026,
            3.744028488460976,
            3.829246381805748,
            3.8360785954123116,
            3.94147555668193,
            3.7671205377274446,
            3.93898643688318,
            4.119061647092579,
            4.0522748777017705,
            4.191038716157248,
            4.197976959801992,
            4.119961867977717,
            4.116678298722161,
            4.013082037832667,
            4.060695990221947,
            4.0466607164850386,
            4.073565967978268,
            4.083841054507507,
            4.241459619849972,
            4.080980829575125,
            4.036809491498672,
            4.058259626832438,
            4.043324132210392,
            4.026481648560192,
            4.051904031177989,
            4.200360308172411,
            4.291668980686031,
            4.427202006295193,
            4.369472012433945,
            4.3365817532002,
            4.340924588398164,
            4.323023097415405,
            4.3241883933959935,
            4.361421487827704,
            4.41761585640428,
            4.387161960560043,
            4.4580267486632135,
            4.335628517295972,
            4.217096503174582,
            4.17959859225727,
            4.194481330470076,
            4.221810443506178,
            4.279540437367427,
            4.120173669444229,
            4.021926753285866,
            3.8599120791164974,
            3.9443885380235537,
            3.8947090687685475,
            3.926751863526397,
            3.9856999097774755,
            3.998834962629247,
            3.9245273016034,
            3.904930881668848,
            3.889518510484838,
            3.9153117396264183,
            3.9078968780295606,
            3.9957629362303533,
            3.901594297394201,
            3.820878284304664,
            3.9161061890832243,
            3.7356073759408015,
            3.727027218363355,
            3.583867529690823,
            3.7005985848222402,
            3.7672263091557783,
            3.7209364391945083,
            3.786081294652614,
            3.7168054054630555,
            3.8673799557324453,
            3.8135161791170473,
            3.831576715157077,
            3.855198397394751,
            3.870875585064362,
            3.8612361615445074,
            3.8512261501107194,
            3.783697946282195,
            3.851490966596322,
            3.885758323277168,
            3.820401407742701,
            3.8682804352274327,
            3.8176474714583493,
            3.677559550574861,
            3.6171813918575917,
            3.631905085013126,
            3.6266087553010853,
            3.8738415814250757,
            4.115724804208085,
            4.014035273736895,
            3.9434883171384167,
            4.017848734573504,
            3.9298766463345305,
            3.8296172283295316,
            3.768073773631674,
            3.7725756538869093,
            3.7505958855819386,
            3.709972933246643,
            3.6352946843068628,
            3.683756101172039,
            3.6860336781141263,
            3.7346538814267243,
            3.614903814915504,
            3.5872041139654685,
            3.606006084443214,
            3.6043641705105114,
            3.688046179960762,
            3.723107986098414,
            3.7456704023936793,
            3.775594665266712,
            3.880091147041344,
            3.9517503846013216,
            4.048779248369855,
            4.090143635142866,
            4.058259626832439,
            4.0506859787881595,
            4.033843495137959,
            3.9720884975834387,
            3.9136698256937152,
            3.8848578437821812,
            3.8904720049989145,
            3.938350773873797,
            3.8528680640434225,
            3.7101849933230038,
            3.564482911222782,
            3.458768118448471,
            3.378422693272867,
            3.1920979174471995,
            3.041205535673117,
            3.140511717773889,
            3.0057201266024416,
            2.989301504495114,
            3.1464964669045554,
            3.1577778043571127,
            3.4016737875966077,
            3.2850485038935218,
            3.2691064997383084,
            3.20888738607831,
            3.1757323103589625,
            3.1351623730427574,
            3.1017424808378076,
            3.005402295097749,
            2.85879999211239,
            2.8732588687823224,
            2.873470670248834,
            2.8758540186192527,
            2.8913194048223527,
            2.8434933923567116,
            2.825750687821374,
            2.8223610885276376,
            2.698850834808747,
            2.6703564257920562,
            2.6653779275847076,
            2.640379147899934,
            2.5922355625394498,
            2.4901754441543265,
            2.4638525820415422,
            2.5823315811438423
        ],
        "name": "Healthcare"
    }
],

  responsive: {
    rules: [{
      condition: {
        maxWidth: 500
      },
      chartOptions: {
        legend: {
          layout: 'horizontal',
          align: 'center',
          verticalAlign: 'bottom'
        }
      }
    }]
  }

});

