
Highcharts.chart('container', {

  title: {
    text: 'Solar Employment Growth by Sector, 2010-2016'
  },

  subtitle: {
    text: 'Source: thesolarfoundation.com'
  },

  yAxis: {
    title: {
      text: 'Number of Employees'
    }
  },

  xAxis: {
    accessibility: {
      rangeDescription: 'Range: 2010 to 2017'
    }
  },

  legend: {
    layout: 'vertical',
    align: 'right',
    verticalAlign: 'middle'
  },

  plotOptions: {
    series: {
      label: {
        connectorAllowed: false
      },
      pointStart: 2010
    }
  },

  series: [
    {
        "data": [
            1.0,
            0.9980130788392637,
            0.9925511038317231,
            1.0009089084279634,
            0.9878120288293362,
            0.9832143520499207,
            0.9915040375517188,
            0.9901436695451287,
            0.9857103964532755,
            0.9690183445239916,
            0.9645536301493867,
            0.9592808940929585,
            0.9571248905042236,
            0.9476310877202208,
            0.9482760695695751,
            0.968952344229524,
            0.9763273585529528,
            0.9878203689281584,
            0.9989345383561792,
            1.0107960841236268,
            1.028481404474255,
            1.0348126969369438,
            1.0387902814409202,
            1.042302961982784,
            1.0337702383977339,
            1.020539622241263,
            1.006940288801292,
            0.9876101174684384,
            0.9807464658221132,
            0.9809173546187484,
            0.9777068047621896,
            0.957159903351176,
            0.9411524792830493,
            0.9509108807853504,
            0.9548870747445105,
            0.9553709209014198,
            0.970011107620405,
            0.9714970910052916,
            0.9478271198246673,
            0.9368189784404317,
            0.9519494066404188,
            0.9656393643932075,
            0.954912853868198,
            0.9637418624902019,
            0.9687368909059518,
            0.9732979771513,
            0.9790233295215285,
            0.982487513867528,
            0.9851914452435243,
            0.9862997384687575,
            0.9896895539642928,
            0.9859539839157041,
            0.986157026725439,
            0.9804715221289869,
            0.9784613168503624,
            0.9912233009409536,
            0.9922828218213421,
            0.9757707180242213,
            0.9578060052279688,
            0.9611927678240558,
            0.9630705341507219,
            0.9490333772653529,
            0.9438029863887826,
            0.9535075321532673,
            0.9369560763180184,
            0.91933870955628,
            0.9230494418026993,
            0.9273605440851863,
            0.9375940474088615,
            0.9469563466734933,
            0.9547014205188511,
            0.9690759960396251,
            0.9736599379763856,
            0.9747985097958365,
            0.9771221929168238,
            0.9832582522401655,
            0.971466675124144,
            0.9841130786581379,
            0.9994515587128425,
            1.0006646439142284,
            1.005959787409113,
            1.0154984280590964,
            1.021176781635227,
            1.0061727441291886,
            0.9983933407731177,
            1.000932851636473,
            1.011732381799915,
            1.0149888662607227,
            1.0212655423874468,
            1.0273042611219962,
            1.0308406317615322,
            1.037601317482884,
            1.0238146940831114,
            1.0378070534457065,
            1.0378892367427774,
            1.0364668953734149,
            1.0308334954733966,
            1.0251295006965788,
            1.0343895029375787,
            1.0452320689626342,
            1.057374852609281,
            1.0652599675880048,
            1.074686789320152,
            1.08152651908116,
            1.0783803218711963,
            1.0779725732609746,
            1.078721310483574,
            1.0705466442049216,
            1.0558862871280885,
            1.0512892022741853,
            1.0662121523649617,
            1.0673496356200338,
            1.0819096927840424,
            1.091380605003251,
            1.0703243942876428,
            1.0687096945423011,
            0.9867372385846618,
            0.9970180814259233,
            0.9990712921382859,
            1.0219250084369298,
            1.019289336042184,
            1.0196770746925834,
            1.0053797252099208,
            1.0036602644121881,
            1.0195189397036049,
            0.9974358229894437,
            0.9859577587281007,
            0.987301552561033,
            1.003241013615703,
            1.0015831049163884,
            1.006784819882565,
            1.0138853797520695,
            1.0080277425910327,
            1.0069154772905045,
            1.0192668720801883,
            1.0230288598366295,
            1.0155618165454927,
            1.0185124954894944,
            1.0227594558974837,
            1.0177153198979896,
            1.01907626833531,
            1.0325232942983313,
            1.0347636458763951,
            1.0488880919313877,
            1.0520340848886789,
            1.0508807051444111,
            1.0438006414746388,
            1.0466947281523105,
            1.044785543345043,
            1.043913442444518,
            1.0443175059758791,
            1.0420591386894953,
            1.0479638362378816,
            1.0537029755703324,
            1.0561195794692586,
            1.0533296569746469,
            1.0495997870907996,
            1.0456817131063512,
            1.0507946716109289,
            1.0607031474382143,
            1.0562715002510468,
            1.0572310862449785,
            1.0602959618735759,
            1.0647358133273273,
            1.0621730209748537,
            1.0503120414366227,
            1.0417581336189239,
            1.0429918888039975,
            1.0328484761492955,
            1.0276798757578516,
            1.0302472722501135,
            1.0402569127210157,
            1.0386447398879612,
            1.0475718023541416,
            1.0529924906843118,
            1.056395065255692,
            1.0573878637964031,
            1.0572865645818232,
            1.0629733693026082,
            1.063117267242368,
            1.0654016445632335,
            1.0630445639157404,
            1.0569892891931,
            1.0529503083041034,
            1.055950478189759,
            1.0466431756793004,
            1.0269048255703657,
            1.0415963993794508,
            1.034015275063255,
            1.043078824801074,
            1.0544130303554287,
            1.0594526136552085,
            1.0833878461676636,
            1.080462717967986,
            1.0841493500683257,
            1.0850021905230425,
            1.0893398071047262,
            1.089451171667691,
            1.1060047692268187,
            1.1058337357088568,
            1.1044561428408457,
            1.1082476950994435,
            1.1116830630667185,
            1.098468230057541,
            1.0982168944462438,
            1.098986917754039,
            1.0793829718027237,
            1.0870613537172327,
            1.078468819967637,
            1.0726060394124495,
            1.0627189259146075,
            1.0589129382737044,
            1.0425541816548396,
            1.0042279129349871,
            1.0139771755135223,
            1.0034957387911443,
            1.0008852602008023,
            1.0186148239822486,
            1.0252909545194437,
            1.0363062407535242,
            1.0380468797475382,
            1.0526923290243926,
            1.049333580271403,
            1.037362073791079,
            1.0257929165944857,
            1.0289668922971356,
            1.0429498633644259,
            1.0336584964760802,
            1.0224214364571669,
            1.008581055984641,
            0.9794399953697914,
            0.9672360824633572,
            0.9907654203031073,
            0.9702361284090075,
            0.9709930912780144,
            0.9742521446298288,
            0.9768144291318003,
            0.9793959970326516,
            0.9676557211704456,
            0.9524538454469493,
            0.9463486724128484,
            0.9462941771608541,
            0.94473988390735,
            0.9692559844864302,
            0.9922876840475106,
            1.004373891866774,
            1.0112057661827873,
            1.0095118536335,
            1.0100194233946458,
            1.007285172318717,
            1.0119304236780724,
            1.0188714350088375,
            1.00966290948216,
            1.0053676683578938,
            1.004769858112201,
            1.0110475055059376,
            1.0217765635716745,
            1.0210233843584315,
            1.0298392705614314,
            1.0198451810987577,
            1.0226448619916013,
            1.0398625639371046,
            1.0412923517314303,
            1.0411791844919587,
            1.0505658738293726,
            1.0398779484268423,
            1.047116894637842,
            1.0438671810749767,
            1.044119960528131,
            1.0505092619757126,
            1.0662946461127731,
            1.0818450134569382,
            1.0907798513322597,
            1.0897682547822973,
            1.0871936049086004,
            1.0817260911910889,
            1.0763440840261689,
            1.0844387348306979,
            1.0886606218201653,
            1.0799264769020653,
            1.076732828706372,
            1.091558707864936,
            1.0850483347134445,
            1.0816840157635461,
            1.0809507690271922,
            1.0819242157552966,
            1.093731412923218,
            1.0990538024102345,
            1.1003008493189028,
            1.1094125276227964,
            1.101652336168809,
            1.1034102845716374,
            1.1063191443956646,
            1.107125228225378,
            1.099656851449661,
            1.0889727763336763,
            1.0841577766589487,
            1.0794139133498604,
            1.0912404987223114,
            1.098692825494736,
            1.1138998090501753,
            1.1196651759669285,
            1.1087258871495473,
            1.1182545207860037,
            1.123325299742396,
            1.1243033860008191,
            1.1256075047769802,
            1.1285840929072164,
            1.1316997713305765,
            1.1213428696312975,
            1.118751983884026,
            1.120642138271482,
            1.1219006617325917,
            1.1313646060388292,
            1.1257234550063406,
            1.1251658543246914,
            1.1312135193602861,
            1.1311705937419336,
            1.1300013618848652,
            1.1305214170820708,
            1.121329215391847,
            1.1242279208422092,
            1.1273653431427562,
            1.137229030305657,
            1.1466513771385234,
            1.1557741565968636,
            1.158538156378078,
            1.1542562189608934,
            1.1552695560807442,
            1.1540662120329137,
            1.1721347904433284,
            1.1736943471592418,
            1.178958766066865,
            1.1850473383198423,
            1.184191525299775,
            1.179038654452841,
            1.1769360997737663,
            1.1870400536736814,
            1.1854708995069823,
            1.1923310391063373,
            1.2099478271954032,
            1.2036684382892404,
            1.207513618168966,
            1.2226019986381929,
            1.2240422656317953,
            1.2277407584472926,
            1.2206925312406405,
            1.2086933206009058,
            1.2108590943042377,
            1.2228370264780475,
            1.2378061067192265,
            1.2337038066726163,
            1.2217289504261668,
            1.2231112165156852,
            1.2315089287484073,
            1.2353736731319043,
            1.2379520054414725,
            1.2466112877506708,
            1.2440055286672973,
            1.2406455014582511,
            1.23790717259203,
            1.2430761995437098,
            1.2397178098622024,
            1.2405073231394375,
            1.244579027862121,
            1.260628480825068,
            1.2719457986942257,
            1.2698557610862207,
            1.2723055696077068,
            1.2800481747435621,
            1.278195630499145,
            1.2865353193159244,
            1.2794756567655774,
            1.2565898560111828,
            1.2611817885425665,
            1.2621477821634295,
            1.258858618085653,
            1.2645462754700727,
            1.2717216339230408,
            1.2739985541825516,
            1.2883191097314615,
            1.2936512885109834,
            1.2815947175678517,
            1.2808123984475703,
            1.28317267032178,
            1.2467267947807723,
            1.2628067260530251,
            1.286821740417231,
            1.2955298426580488,
            1.30456333282952,
            1.3002909242501406,
            1.2918156614104253,
            1.2931795172896867,
            1.2790713019058402,
            1.2927581491902376,
            1.285972228887407,
            1.3087586606784862,
            1.3100448619886735,
            1.3252501262126082,
            1.3305225701866754,
            1.3334281933213226,
            1.3299480675349804,
            1.320989620105095,
            1.307611131827586,
            1.3141589536150764,
            1.3084072732242606,
            1.2811948505696098,
            1.2793027697975023,
            1.2570133250724476,
            1.2639478580477297,
            1.2657558329074956,
            1.2476385050480308,
            1.2599540997992125,
            1.2093956803136903,
            1.168937814400241,
            1.1729802897100872,
            1.1677996221584128,
            1.1649455040025731,
            1.1384794313259605,
            1.1552874472403456,
            1.168829978261297,
            1.1660164575439462,
            1.1952246515328115,
            1.1957729736905007,
            1.2059434009970442,
            1.2142455107385788,
            1.2172928312833817,
            1.2033276493420308,
            1.2022834574487358,
            1.2075815600320712,
            1.2039060970379711,
            1.218345032359944,
            1.2191654488504104,
            1.2051847592681788,
            1.2046039616142779,
            1.1998699966418922,
            1.1969258034880663,
            1.1975338153078134,
            1.1958909370268132,
            1.1878374503043951,
            1.182077887215003,
            1.1666875266532966,
            1.162234735954183,
            1.1433483713789798,
            1.1590874647988427,
            1.1695651326552448,
            1.1800591586326206,
            1.1944769556658763,
            1.199715329904807,
            1.2046910921592195,
            1.2048461790947813,
            1.216206920118081,
            1.208226834797634,
            1.2081582053129596,
            1.2164705217934297,
            1.2262781090155068,
            1.225889331801744,
            1.2229716198375746,
            1.2286437415632079,
            1.2385983611498823,
            1.2473918759144762,
            1.2477260427729193,
            1.2339765823519966,
            1.2417459144113332,
            1.2524639604310865,
            1.2656456455783651,
            1.2684916616720832,
            1.270327821133212,
            1.2538828629900634,
            1.2746670447079755,
            1.2867784428410523,
            1.289577261342446,
            1.2987472812208503,
            1.2969335327749698,
            1.2980239742354474,
            1.2985559575033043,
            1.299461960286964,
            1.2914236485308241,
            1.2874159276711772,
            1.270727579355529,
            1.2893908003301455,
            1.2957628002571,
            1.3004792732327497,
            1.3062581609750399,
            1.3040427323003039,
            1.304976160213174,
            1.3208496000006265,
            1.3222356392888013,
            1.3287112387332443,
            1.3220686004500746,
            1.3179395979709918,
            1.3214601526410135,
            1.3211330233716283,
            1.3242982689323706,
            1.3274675910520441,
            1.3217369274780557,
            1.3415111602436398,
            1.3495033998205326,
            1.364031638803466,
            1.3661760277806494,
            1.3704597011895534,
            1.3676466249607806,
            1.3567902789097066,
            1.3693966577095487,
            1.3762448801934974,
            1.3783018609502176,
            1.3804579290614907,
            1.3843715037495234,
            1.390642430542405,
            1.3975136129276764,
            1.420917389844548,
            1.425434814554349,
            1.4229999987635378,
            1.4130314725817699,
            1.4126641858737117,
            1.425989259151869,
            1.4229431999849895,
            1.426314561120785,
            1.426478156207893,
            1.4231332013549796,
            1.4310592672363498,
            1.4415378927816933,
            1.4384714025162781,
            1.448702196219461,
            1.466405998482618,
            1.4648240435947721,
            1.4641213061090064,
            1.4654379713605452,
            1.4593128421347692,
            1.4570306022053292,
            1.4622724599781884,
            1.4538368490630946,
            1.461290415018487,
            1.4650303528023254,
            1.477694421136629,
            1.4795335741416717,
            1.4756546491065237,
            1.4854836165007974,
            1.4885492544464216,
            1.482738340493283,
            1.46016886344968,
            1.4466414237887157,
            1.439227541376199,
            1.420748456970522,
            1.4068540781882384,
            1.4230761674290322,
            1.4426387894017325,
            1.4390853564852872,
            1.4430152669252805,
            1.45403603538439,
            1.4652327053878402,
            1.4812060774791314,
            1.492227522129978,
            1.4878256380686978,
            1.490676625454207,
            1.4959999940728756,
            1.5025964745506584,
            1.4954159237588607,
            1.4985153595032303,
            1.5006788155316146,
            1.5049853896012846,
            1.505126442736266,
            1.516133450719311,
            1.5203982914128706,
            1.516359876563319,
            1.5118473278455855,
            1.5012493029883331,
            1.477396246437608,
            1.4810721053560572,
            1.4836064533331825,
            1.4892717349351987,
            1.5047708286167254,
            1.5029745656397389,
            1.5106212714649592,
            1.5147718313138905,
            1.512793572577364,
            1.5264803077394509,
            1.5317620719452483,
            1.546595445775907,
            1.5718819321042585,
            1.5583748764895549,
            1.5657036934075887,
            1.5531937537092468,
            1.5737886550425026,
            1.5649842243947816,
            1.570074264154025,
            1.5644720948495914,
            1.5621933971757505,
            1.5758572690937918,
            1.5675234319353075,
            1.5726793500624172,
            1.5760953109342393,
            1.5774185620710868,
            1.5742457561029108,
            1.5583103052557912,
            1.5605228510650901,
            1.5774072288232954,
            1.568331357806458,
            1.533754182817703,
            1.5006094735691788,
            1.501175721259457,
            1.5266338927993606,
            1.5410365285214458,
            1.5376189707537489,
            1.529065869070512,
            1.5161467273031384,
            1.5065780247410436,
            1.5256784883201162,
            1.5326916292236936,
            1.5505410180077577,
            1.531605652752018,
            1.5470137095036232,
            1.5532537171644083,
            1.566834622722046,
            1.5544691609544616,
            1.5643641143886373,
            1.574213344048282,
            1.5852079692976804,
            1.5797257437051513,
            1.592764093454513,
            1.6044331761492847,
            1.5959254338395892,
            1.6006215728844737,
            1.6013876621239298,
            1.610883028489519,
            1.6131789577004174,
            1.6113556824068604,
            1.6044586425227134,
            1.5777593622652086,
            1.5579052669632183,
            1.5696321513227265,
            1.5478154987378567,
            1.5573584962058795,
            1.572106637175664,
            1.579080069309071,
            1.5848918090622117,
            1.6013706196892157,
            1.6192776825288318,
            1.6333576992838899,
            1.642889361622635,
            1.6264677693047105,
            1.6451676390169254,
            1.6449008360841324,
            1.644270719524649,
            1.6506840865556773,
            1.646610957598188,
            1.6453453755119087,
            1.6466362218953718,
            1.6509602877116005,
            1.6331719617302085,
            1.637350988595582,
            1.6519650563157051,
            1.6656898465330077,
            1.669546599146039,
            1.679667379602805,
            1.6856241657254853,
            1.6825119996734577,
            1.6821189357773376,
            1.6609087180212985,
            1.6578672074558183,
            1.6682196799712556,
            1.6700590215012103,
            1.670111523070134,
            1.672035241294924,
            1.6676995756571673,
            1.6844809522830562,
            1.6930633999518316,
            1.6954330481416506,
            1.7092006619543525,
            1.7163664579328692,
            1.719243226801676,
            1.7248413703024166,
            1.7343226647517098,
            1.7345635013945835,
            1.7387807575878385,
            1.7303891133386888,
            1.7204056636324396,
            1.7091041933580062,
            1.71026567978026,
            1.7022235198028175,
            1.7189223934750146,
            1.7378500530346033,
            1.7459317535606447,
            1.7361388521199166,
            1.7276240016881266,
            1.7329820694640088,
            1.7569195103923922,
            1.7730091010563502,
            1.7966420489235628,
            1.806964455627156,
            1.8132748718453704,
            1.839260276571445,
            1.8582152409234927,
            1.8480148781279555,
            1.8475082983172797,
            1.8642382307790375,
            1.850820205271818,
            1.8399155043793378,
            1.8443946576176353,
            1.8623640880064205,
            1.8766876442683829,
            1.9006286250986935,
            1.898205040402579,
            1.8930874560480258,
            1.9022518195235558,
            1.9087463495761423,
            1.912412215589833,
            1.9013936552580017,
            1.901945548908479,
            1.8850936456012366,
            1.8947316480750855,
            1.908118232874456,
            1.9251416272059172,
            1.9213447930097258,
            1.906657589914888,
            1.892563586466952,
            1.8796215642446301,
            1.866380172965655,
            1.8748670580521103,
            1.8129372547301148,
            1.7961013201581961,
            1.7744790400710841,
            1.7920956692713332,
            1.8301474884871654,
            1.8249899300430663,
            1.8476186336058111,
            1.8703342070478184,
            1.8597432608563502,
            1.8419195667686181,
            1.8310498919921856,
            1.8215429305070021,
            1.8193883345021251,
            1.8061042617465393,
            1.8375918998464034,
            1.8509924620507494,
            1.8597133160807657,
            1.8575764308886742,
            1.8494802975402236,
            1.8349385470967303,
            1.8223710204519383,
            1.8013503607738854,
            1.8147047665584544,
            1.8182447271748678,
            1.8267989622392264,
            1.8370784487552485,
            1.8393504918041637,
            1.847511363512,
            1.8327342458119176,
            1.8009389284322959,
            1.8012704684378629,
            1.8191604234540202,
            1.8077074707309404,
            1.7881441759225507,
            1.8103073523397566,
            1.8375685037809333,
            1.8294620093344436,
            1.8668458249681552,
            1.8813185181438445,
            1.8698232492261586,
            1.90036059661937,
            1.910717327658395,
            1.9195831404730186,
            1.9174459765726992,
            1.924854369121637,
            1.9322033704752937,
            1.943195810999839,
            1.957002023227265,
            1.9555547372575646,
            1.9509060240114031,
            1.9713705103884618,
            1.9812826428352768,
            1.994867779126019,
            2.0014651273033124,
            1.9915531988286637,
            2.0031267821742293,
            2.0226027052779187,
            2.0452531310409783,
            2.053848651193968,
            2.0245095173773855,
            2.015950342280502,
            2.019499037298139,
            2.021226021405634,
            2.0189431898472283,
            1.9971321202926726,
            2.0131593241201013,
            1.9965974312683012,
            1.9896020725488446,
            1.988690691566289,
            1.992291052198064,
            1.9773349698995417,
            1.947590259926755,
            1.9657858870902025,
            1.9453171324178133,
            1.952011267374329,
            1.9668676621617738,
            1.9793430751621524,
            1.9684673535487458,
            1.9743320291340987,
            1.9835331772579279,
            1.9633911028029747,
            1.9359001567810765,
            1.8997943450061847,
            1.9339304237189452,
            1.9669941152123012,
            1.975620597030173,
            1.9822191796855333,
            2.000996996932507,
            1.9996083110909544,
            2.0003733838472284,
            2.0169644821958057,
            2.0089924319352197,
            1.9872648274825615,
            1.9969740451927793,
            1.990455980399463,
            1.9955377160619547,
            1.994454354992552,
            1.9910321550308403,
            1.9591664435805682,
            1.9457931220393152,
            1.9800850654315323,
            1.9695129327846996,
            1.98169736700266,
            1.9918244247989534,
            1.9847012298058273,
            1.9946847599403605,
            2.028583381379029,
            2.0630252756548013,
            2.0616227555500504,
            2.0663204698637285,
            2.0603596530113473,
            2.0246049325258038,
            2.0411936583192136,
            2.0336422440600983,
            2.0133261138809875,
            2.0294725352670575,
            2.056451630783223,
            2.0738686095691667,
            2.088958389359248,
            2.095103713977983,
            2.1111073348428895,
            2.122854614134486,
            2.131717837080604,
            2.141443511169178,
            2.1258073701953024,
            2.1402909818345366,
            2.1432268707938977,
            2.1585617698850443,
            2.1822070080274183,
            2.1967296807497005,
            2.1868079155681297,
            2.167551804049515,
            2.1793105703536804,
            2.183751680927177,
            2.201928147760446,
            2.1984960591334404,
            2.2008618423898296,
            2.21000931924597,
            2.206994214367609,
            2.21819512507806,
            2.229615952298833,
            2.234203746803807,
            2.2384111692275677,
            2.240516519873741,
            2.216879174575444,
            2.1951551305609196,
            2.187715922681158,
            2.205438734600922,
            2.221866128911329,
            2.1846025053566622,
            2.1558771153146536,
            2.1788207419990826,
            2.2174601531249025,
            2.1959908868308227,
            2.1766835759648204,
            2.1709195893908815,
            2.1314473412733608,
            2.0740434443709552,
            2.075555237612463,
            2.080344975332766,
            2.048618743354649,
            2.0188492975891625,
            2.0160833225672263,
            2.0013260003205544,
            1.9533314211319293,
            1.9087690331289702,
            1.8935037715563647,
            1.8828328166280233,
            1.9415609856727536,
            1.9037766598517798,
            1.9497025889647441,
            1.9650088190105761,
            1.9923350289852038,
            1.9653036218845386,
            1.9257580552618485,
            1.900033932825455,
            1.868357923761856,
            1.884991682012384,
            1.8780795597817672,
            1.8821961779111032,
            1.9222872969946874,
            1.9354196055126138,
            1.9671258143491515,
            1.9898693965523329,
            2.018882417524154,
            2.0054269087675176,
            2.001166217758329,
            2.0169485324289425,
            2.0290468758722495,
            2.0112645774878235,
            2.02179673562978,
            2.0423791456111444,
            2.0519280751302817,
            2.0501876861097657,
            2.054030262762337,
            2.044097713200763,
            2.0419744615093234,
            2.038473880304251,
            2.0413049191142316,
            2.0540339768613256,
            2.0496722300843455,
            2.0609998289224145,
            2.0641662531336893,
            2.065867927633279,
            2.0627571359825985,
            2.0498999133538813,
            2.0179805053061775,
            2.0297958153361635,
            1.9831036143281648,
            2.007962070163613,
            2.052813893295717,
            2.0553683747653038,
            2.0641560791599574,
            2.0706840088074814,
            2.0694445092521163,
            2.0879921085233355,
            2.0854855620334836,
            2.0599826998955857,
            2.028869032390119,
            2.0294345006879695,
            2.0420320767591464,
            2.0577098022779694,
            2.071717845759575,
            2.069678690834801,
            2.0618864767850575,
            2.0483396488839856,
            2.051542332682188,
            2.050999519506453,
            2.051604642622046,
            2.054323109432065,
            2.0638511826530257,
            2.056211320888027,
            2.0544293657310053,
            2.0731903365708213,
            2.065360320257912,
            2.06362332593956,
            2.063275895704371,
            2.0735989560321753,
            2.0671711467615053,
            2.05895829768903,
            2.0501696107801632,
            2.022093359736748,
            1.9878937253017899,
            1.9851522594670739,
            2.0029528895528412,
            2.0369452194588407,
            2.0539787919070585,
            2.049851364579491,
            2.043356359491942,
            2.0558112824190395,
            2.0663824815670617,
            2.0461158070776446,
            2.0251244333493554,
            2.0218775700181313,
            2.0089700071881,
            1.992012981787308,
            1.9595919341210346,
            1.9629715177103553,
            1.9759251081450633,
            1.993761918331498,
            1.996646994362931,
            2.017428825796141,
            2.006728700195422,
            2.006604839523697,
            2.014765288421409,
            2.0244643404171065,
            2.075266643168982,
            2.0981010737931465,
            2.0973517657375487,
            2.0986820167638256,
            2.12983140470359,
            2.1472323437246583,
            2.1446498544162176,
            2.1432435943827617,
            2.147249756105621,
            2.1534965258226575,
            2.160510971931636,
            2.149398859725712,
            2.1460761437196765,
            2.1285420600472413,
            2.17001309912347,
            2.1779461762729264,
            2.188717137882473,
            2.2109779655342585,
            2.2292178535463267,
            2.2209913114125364,
            2.214404512515547,
            2.236399674891327,
            2.229833058742175,
            2.2236788864260744,
            2.2128546426450137,
            2.220370315132437,
            2.2223984256950824,
            2.2366688443958287,
            2.2477267147613698,
            2.23610346956911,
            2.207762893819007,
            2.208904311317191,
            2.223947357302987,
            2.2199728803178527,
            2.231770537444986,
            2.2289298401744584,
            2.218210047275618,
            2.2145566853124095,
            2.195741259803022,
            2.1850176278684716,
            2.1557600620415056,
            2.1526321298738083,
            2.152931660098145,
            2.1341710169894856,
            2.137549578943376,
            2.1447581372239433,
            2.1584991898188224,
            2.1921182034564293,
            2.2575542163250226,
            2.2517083051594207,
            2.2574426949486677,
            2.2515544343811724,
            2.297787300397142,
            2.3264390431033597,
            2.326426128856113,
            2.311982296862646,
            2.328348123707431,
            2.3384217339802778,
            2.361487435240725,
            2.349320060102195,
            2.3167707533778055,
            2.3213625649977288,
            2.3228406936772616,
            2.332498799985598,
            2.319253162379906,
            2.3193448613576764,
            2.309564353943816,
            2.280999638872848,
            2.2927707615968966,
            2.2771111589358712,
            2.295998850753975,
            2.2919186164116,
            2.2944304206831605,
            2.3092766466958445,
            2.315706510692304,
            2.318997877124376,
            2.3200257722699598,
            2.335053344461544,
            2.3502176989588652,
            2.348344203336296,
            2.359734694831758,
            2.3370053008723657,
            2.2772574064964672,
            2.276388950418909,
            2.254384762983955,
            2.2618006006972355,
            2.2626164601940193,
            2.2585636417012735,
            2.2720460660532553,
            2.278802096835917,
            2.264966245619415,
            2.2237779597816143,
            2.2063395989417955,
            2.2034104469079683,
            2.1777347824269135,
            2.178879359622429,
            2.198656080452992,
            2.1924711882278745,
            2.175454094408883,
            2.1909763897032764,
            2.1775436332317684,
            2.1871412733634643,
            2.165797965156286,
            2.216855682890628,
            2.218811181218002,
            2.2467217999190345,
            2.268186071277094,
            2.2169906828500396,
            2.2475493973123433,
            2.2382523213911534,
            2.2412237244347777,
            2.226691177071879,
            2.2186961886682863,
            2.1834305501782167,
            2.2056892004455735,
            2.250480886292047,
            2.2798806722408766,
            2.2705121906536423,
            2.261861352313507,
            2.2787996029804205,
            2.2487526260661803,
            2.245218961954062,
            2.2457629981198877,
            2.259473890660161,
            2.2915417137568097,
            2.29409924926413,
            2.2896355499673717,
            2.3044078258205776,
            2.3074061910594863,
            2.281382149385656,
            2.293293744598456,
            2.2684127506848655,
            2.379310821856954,
            2.4554306329719435,
            2.464863788813863,
            2.4480794884337276,
            2.469450402206338,
            2.4692709464701155,
            2.4607805134958367,
            2.424313444301997,
            2.415527299457998,
            2.392711212217168,
            2.3852244493859507,
            2.4182767611229727,
            2.4133319382383753,
            2.429249858044297,
            2.42464518382975,
            2.4360334984347256,
            2.448579488358503,
            2.480878142508227,
            2.520142410476415,
            2.5185327765795207,
            2.530249048517671,
            2.557815668966671,
            2.5548914437595105,
            2.57916143708387,
            2.5848071846733776,
            2.5764507910214,
            2.5964004266841307,
            2.5858594001628616,
            2.5969165053896255,
            2.603423393888862,
            2.5987173821695424,
            2.6192028227461925,
            2.6098702474148485,
            2.619868838322192,
            2.6062642851028475,
            2.6165138723986154,
            2.6211956440570234,
            2.627103191266286,
            2.6241707581659317,
            2.631711173633564,
            2.6202968862863965,
            2.6025970239350964,
            2.6245303190371936,
            2.6198565293317233,
            2.6445704459985113,
            2.661289956665761,
            2.6390759072793526,
            2.6200422238356516,
            2.61558000135247,
            2.6311856465314594,
            2.6380119381723808,
            2.619601812300703,
            2.6288387496438634,
            2.6105848276417163,
            2.6223326765018222,
            2.6475451159556775,
            2.664097821558106,
            2.6665479795609706,
            2.682135902551149,
            2.6866818451592347,
            2.6958896302670614,
            2.6994536620227287,
            2.708320978809259,
            2.7091131883660227,
            2.7201613432340515,
            2.738363944488144,
            2.7479976922672864,
            2.737437013266886,
            2.7415609648230186,
            2.7593498728250907,
            2.751608378603112,
            2.6982493793388493,
            2.731813495972403,
            2.7477381380263632,
            2.78602727979589,
            2.7849425314776544,
            2.793406009037272,
            2.8219111226977707,
            2.836491355890799,
            2.8538696923078897,
            2.8620782773960745,
            2.856485728071587,
            2.843079854966031,
            2.831006822672822,
            2.8501886659685702,
            2.862974805219315,
            2.863760377677588,
            2.897606901274968,
            2.9436872259424347,
            2.9190291908552326,
            2.8973630597246767,
            2.8995021935779355,
            2.9513843255107153,
            2.9727369310798664,
            2.9799160471304136,
            3.0114916142599477,
            3.042509022502466,
            3.0469301622820955,
            3.0734191755780818,
            3.068687397398802,
            3.0975285646932007,
            3.095277848655987,
            3.1210349450522017,
            3.168444999861646,
            3.1782787087371736,
            3.1325132481054045,
            3.182165096750191,
            3.183539650373004,
            3.1371377324395637,
            3.0106953298734447,
            3.000280638482408,
            3.059054164169165,
            3.0208627145217952,
            3.040851006010249,
            3.0249699607362803,
            2.8954142926518966,
            2.8958354034334004,
            2.6536932955046817,
            2.729722668924266,
            2.548252931479477,
            2.4923713800530143,
            2.3378715564902017,
            2.2228051380502576,
            2.3848212063073078,
            2.0725318747947257,
            2.1408538332522453,
            2.252280391084848,
            2.366292854651365,
            2.3474217917168136,
            2.276255002384478,
            2.3434754224261156,
            2.2985589490644074,
            2.2856765291521226,
            2.4509732332430154,
            2.5045186232899983,
            2.622750808268704,
            2.582104030653064,
            2.5733425233866623,
            2.6124712624734596,
            2.645404555744951,
            2.6433034887465756,
            2.5774413324972287,
            2.6450951544948804,
            2.702691988294064,
            2.6608615404854397,
            2.7695288070571444,
            2.7999377635257674,
            2.8317224377664414,
            2.843723933839485,
            2.7289995957993227,
            2.731150121169311,
            2.7500014792106935,
            2.730558003001325,
            2.7144461790789642,
            2.7037810902866215,
            2.691082481865579,
            2.7195672037451097,
            2.6951962940131056,
            2.7009587899126712,
            2.6317494917977,
            2.6296467838445565,
            2.6686845536847716,
            2.691525616688328,
            2.670752939158087,
            2.682679806671886,
            2.7122133691221877,
            2.7533701672844946,
            2.786893608765286,
            2.84836071843926,
            2.8845533905750704,
            2.887833084371944,
            2.8785751356490654,
            2.8973534546587296,
            2.8945260346335027,
            2.858571369310351,
            2.8860466980801602,
            2.844847328996964,
            2.8662266631438706,
            2.8375188485310274,
            2.862565822630816,
            2.868590510683809,
            2.9050223229681214,
            2.944449200741638,
            2.970828072833457,
            3.0080593330175827,
            2.9636461021659257,
            2.965242721323576,
            2.9784183937951147,
            2.9685771223083406,
            2.9643548632905827,
            2.996882835726308,
            3.016485151694756,
            3.031983673928436,
            3.0880028171066902,
            3.1220848740142744,
            3.1105825057163865,
            3.157885194740797,
            3.158849564279272,
            3.1577510050004345,
            3.114985243020971,
            3.1084134656450186,
            3.1204872098317504,
            3.1658007776679358,
            3.1953207577432057,
            3.1958375211438197,
            3.1986650629945266,
            3.235707273077888,
            3.259153251292147,
            3.2563585284412944,
            3.2897397910117525,
            3.28376452491353,
            3.2693702894977363,
            3.29741304297911,
            3.3013012935774664,
            3.3340499271450046,
            3.371308231694056,
            3.4048316454007934,
            3.4518314108786154,
            3.5278933739946368,
            3.5130798193718547,
            3.494559799101392,
            3.5085876436442267,
            3.466518529945484,
            3.4919711393078874,
            3.5352325465182197,
            3.5514138067599847,
            3.5531090668701566,
            3.61943671874013,
            3.698803852281372,
            3.684570660321134,
            3.700537212508332,
            3.695943169509916,
            3.6881099301036193,
            3.515297432745724,
            3.5624891206144778,
            3.6182688721812726,
            3.639388489594709,
            3.6032654792446577,
            3.5644562212404214,
            3.558960165415197,
            3.526691190200058,
            3.5849461392002007,
            3.5916828159656413,
            3.6802873554916755,
            3.7473583506145194,
            3.7753110575860305,
            3.7466568449024877,
            3.731586244041137,
            3.6139248343898136,
            3.581689845824166,
            3.593878455570761,
            3.4940956882467735,
            3.571023052212345,
            3.6531901886815854,
            3.6429138521219526,
            3.6698448216803103,
            3.680689341988967,
            3.678978034873592,
            3.7040846361124586,
            3.683995713804292,
            3.6748378756273765,
            3.654064036405384,
            3.667324978711055,
            3.6606008637161973,
            3.680265184287439,
            3.6122288062461054,
            3.635046077180756,
            3.63563838735158,
            3.650071934945924,
            3.6590320633475337,
            3.666100688839842,
            3.6615706674875392,
            3.6202067272958485,
            3.6831288860760947,
            3.6628260905496863,
            3.682296903976571,
            3.671889586942176,
            3.6451276313959267,
            3.682687166822413,
            3.732834171321344,
            3.8487045771623714,
            3.896127212846701,
            3.9339072954926726,
            3.9213997158849496,
            3.9246251395428353,
            3.9712296284501454,
            4.000057211891555,
            4.015084712740319,
            4.043551703153138,
            4.055580580111976,
            4.029655754490905,
            4.056471985988241,
            4.132298004187146,
            4.15081092765053,
            4.077058023889673,
            4.088155074417536,
            4.199289402519953,
            4.197780285590868,
            4.210143708560177,
            4.218266090076549,
            4.227951555453972,
            4.25162580968117,
            4.233064230718849,
            4.260986027955322,
            4.242838734475455,
            4.241178369635406,
            4.254349041700504,
            4.264098923088629,
            4.296819671168146,
            4.337317767621653,
            4.349302360019672,
            4.193081196332882,
            4.248995393750936,
            4.333476826168657,
            4.350412662402732,
            4.379278300474027,
            4.396144817000856,
            4.435233841037568,
            4.444861295933206,
            4.488068177927607,
            4.582606095372721,
            4.6610508579116505,
            4.665007556713912,
            4.650321440724934,
            4.70506972577042,
            4.706394446226781,
            4.682888031760967,
            4.654047157986033,
            4.651998808239156,
            4.588215897491802,
            4.510114166263109,
            4.577156599560405,
            4.613439416815634,
            4.6099124682081225,
            4.524220777921191,
            4.495742757787515,
            4.43637236678091,
            4.410179794699904,
            4.364846070918968,
            4.478830758298252,
            4.566375653109933,
            4.636895527755636,
            4.662512073167217,
            4.653856309530467,
            4.6876097759912145,
            4.677069045919981,
            4.717539859037767,
            4.796595679168598,
            4.799363750312812,
            4.826554675947409,
            4.84544771610923,
            4.830699336352761,
            4.8156244681557645,
            4.759664481797375,
            4.725369147253647,
            4.748228960668632,
            4.788255677987541,
            4.836087232852847,
            4.752711134581338,
            4.898948621448202,
            4.987802487999132,
            5.03225115787761,
            5.031968824581923,
            4.971194349674837,
            4.953901921030185,
            4.94760211025182,
            5.026872011920081,
            5.0013348160437765,
            4.967748683123337,
            4.995746837671177,
            4.937776400105973,
            4.844090814889039,
            4.889304386994715,
            4.919498129367302,
            4.996174950759803,
            4.915012413199249,
            4.843044554474341,
            4.901660790935817,
            5.040160496185317,
            5.055475643542306,
            5.115953100213471,
            5.035969620420438,
            5.145813025430092,
            5.245016912738567,
            5.297960112152394,
            5.280784334339003,
            5.0688494450251005,
            5.101741076173131,
            5.1220304393191345,
            5.180815442382794,
            5.119323189986486,
            5.106492440077913,
            5.182242959590098,
            5.223794528613224,
            5.288059888218648,
            5.561177182412687,
            5.596420100693079,
            5.642589763427326,
            5.70340716753706,
            5.748413575968103,
            5.671150050423863,
            5.729615338498464,
            5.812066208017026,
            5.70596199548069,
            5.723692568484675,
            5.805835001242723,
            5.837174892255099,
            5.770796144975659,
            5.79899755221029,
            5.8825684765964175,
            5.883240090196096,
            5.872446271428245,
            5.881496874290712,
            5.893220329830518,
            5.939153259915472,
            5.945748756895987,
            6.00056816259571,
            6.023421397218279,
            6.04096951012807,
            6.002250616838489,
            6.007683161952755,
            6.028788524396655,
            6.045793815438803,
            6.068908417131073,
            6.163143018417509,
            6.120038604169106,
            6.184885825120574,
            6.181193140426972,
            6.182462042293378,
            6.198345755522566,
            6.196055697820491,
            6.1949571736758875,
            6.152781379323198,
            6.162446538107116,
            6.186586670152043,
            6.156392875298411,
            6.168807070299695,
            6.239598397810011,
            6.262227972920579,
            6.257726670342221,
            6.344893264390896,
            6.389641758165146,
            6.4485868711310514,
            6.465708515592379,
            6.442306486644218,
            6.475031797687808,
            6.449726956879819,
            6.472733411614066,
            6.504884692677676,
            6.514342627015687,
            6.533490738467455,
            6.557001248938984,
            6.56552921434606,
            6.5284775163194455,
            6.469323462433395,
            6.59439413012889,
            6.630837777315335,
            6.66872001042361,
            6.665958232721679,
            6.594360237207855,
            6.5978703012662,
            6.729144369593694,
            6.820080094139886,
            6.852378367868273,
            6.783838597944084,
            6.792081541840664,
            6.797589559045742,
            6.811643083250669,
            6.753481637212116,
            6.689042403598502,
            6.75315823201317,
            6.78069249332959,
            6.787790805016478,
            6.854044379571759,
            6.8534129121045275,
            6.802797529404742,
            6.728685753970359,
            6.773075364896995,
            6.762426330102258,
            6.76529297172124,
            6.919713775208663,
            7.083747183313237,
            7.149011728667613,
            7.157650859529913,
            7.203206002679908,
            7.227153868005783,
            7.23917654167677,
            7.220820797194765,
            7.196176821875106,
            7.222704136267295,
            7.300506111093048,
            7.291673196554244,
            7.333413086864387,
            7.341236870312829,
            7.254994807521851,
            7.132577581413765,
            7.267209244981197,
            7.302919309194904,
            7.36564727898853,
            7.366792186394352,
            7.284869478720028,
            7.1871670855146155,
            7.152494470004567,
            7.176649544923905,
            7.1947843306980985,
            7.407832524427067,
            7.518738592028128,
            7.585452464236307,
            7.649165371277011,
            7.677441824964179,
            7.663325403483355,
            7.655029427552887,
            7.701560368806315,
            7.731832338147255,
            7.727692253856478,
            7.67349277870915,
            7.311738862507232,
            7.183109099693168,
            7.136573401122417,
            6.979951523263425,
            7.158059870488489,
            7.141539340719135,
            6.995745128815025,
            6.943788126979285,
            7.0310492797805395,
            6.9812290339585505,
            6.972204743962247,
            7.025413701577594,
            7.050042696989314,
            7.099719308337818,
            7.123286143091965,
            7.0720359973004445,
            7.090711192960361,
            7.122246154995792,
            7.12440701546178,
            7.07500255846124,
            6.997554013733017,
            6.719396723275586,
            6.835691618649402,
            6.814622389566431,
            6.84316229225201,
            6.684730274708487,
            6.624542667710074,
            6.7393157392726035,
            6.739227105318286,
            6.871791318436829,
            6.880272654582271,
            6.751014663551959,
            6.848079519784075,
            6.963659169619698,
            6.96627733627375,
            6.986194588918914,
            6.946117815590138,
            6.943372444520839,
            6.9319559415419345,
            6.949413696096634,
            6.851531599419358,
            6.628949830885933,
            6.712974450438139,
            6.848848257752128,
            6.895663663946108,
            6.865145627187297,
            6.961269136743666,
            7.071587676548837,
            7.128486282160571,
            7.131913847190476,
            7.246256522910014,
            7.36755937946979,
            7.345037022473847,
            7.374952761267729,
            7.354915608869466,
            7.365616919488046,
            7.435093224406497,
            7.445153510959489,
            7.557442359102288,
            7.57652909516952,
            7.553803872621779,
            7.558205735895206,
            7.4054996772530535,
            7.352526988374865,
            7.3840555228492954,
            7.19553946416796,
            6.89476995502765,
            6.908701533402344,
            6.7618608830981595,
            6.862620233968258,
            6.936526074922659,
            7.050063275565254,
            7.128525769515039,
            7.021257219407458,
            7.047853005554053,
            6.974669130699588,
            6.96782064262665,
            7.020599023928355,
            7.043718913638498,
            6.872398693546459,
            6.5970761072679265,
            6.769014168673096,
            6.752545755255572,
            6.751724909077156,
            6.677313577679625,
            6.580275906764973,
            6.559470773722177,
            6.5846829614230975,
            6.235082676758993,
            6.520087655598256,
            6.57152926385315,
            6.4856078324994675,
            6.446857005457962,
            6.292018259264788,
            6.135599922869857,
            6.212861624758225
        ],
        "name": "summed"
    }
],

  responsive: {
    rules: [{
      condition: {
        maxWidth: 500
      },
      chartOptions: {
        legend: {
          layout: 'horizontal',
          align: 'center',
          verticalAlign: 'bottom'
        }
      }
    }]
  }

});

