300
week_day                       
0         0.753403  143.9   191
1         0.702041  137.6   196
2         1.073460  226.5   211
3         0.337561   69.2   205
4         2.507527  466.4   186
5         2.575000   10.3     4


100
week_day                        
0         1.184817  226.30   191
1         0.603571  118.30   196
2         1.940047  409.35   211
3         1.639268  336.05   205
4         1.117742  207.90   186
5         5.975000   23.90     4

200
week_day                        
0         0.779843  148.95   191
1         0.704082  138.00   196
2         1.446919  305.30   211
3         1.035366  212.25   205
4         2.685215  499.45   186
5         4.837500   19.35     4